#!ascii label  , from subject fsaverage-bkup vox2ras=TkReg coords=white
246
156  -35.520  -44.063  -21.076 0.0000000000
831  -35.555  -66.119  -15.519 0.0000000000
832  -34.544  -60.835  -15.105 0.0000000000
1414  -30.254  -50.087  -17.334 0.0000000000
1786  -32.282  -55.895  -16.134 0.0000000000
3334  -32.918  -46.579  -18.638 0.0000000000
3336  -32.401  -43.886  -20.414 0.0000000000
3338  -35.052  -41.478  -21.951 0.0000000000
3934  -36.765  -57.290  -17.404 0.0000000000
3935  -33.504  -58.451  -15.496 0.0000000000
3936  -35.796  -54.536  -17.246 0.0000000000
3937  -34.814  -51.938  -17.318 0.0000000000
6105  -35.289  -63.589  -15.249 0.0000000000
6106  -37.618  -59.699  -17.471 0.0000000000
8007  -31.190  -53.107  -16.662 0.0000000000
8008  -33.758  -49.170  -17.587 0.0000000000
10072  -37.281  -38.254  -23.015 0.0000000000
11014  -34.320  -45.228  -19.938 0.0000000000
11015  -32.624  -45.231  -19.539 0.0000000000
11016  -34.033  -43.971  -20.639 0.0000000000
11017  -33.748  -42.604  -21.258 0.0000000000
11018  -35.284  -42.775  -21.502 0.0000000000
11615  -36.223  -55.899  -17.274 0.0000000000
14013  -35.475  -64.841  -15.424 0.0000000000
14015  -38.063  -61.025  -17.398 0.0000000000
17559  -33.180  -62.819  -15.289 0.0000000000
17562  -32.891  -57.229  -15.766 0.0000000000
17563  -31.803  -59.400  -15.920 0.0000000000
17568  -31.692  -54.546  -16.382 0.0000000000
17569  -35.727  -50.304  -18.295 0.0000000000
17570  -34.268  -50.641  -17.379 0.0000000000
17571  -35.333  -48.938  -18.396 0.0000000000
17572  -34.936  -47.684  -18.691 0.0000000000
22613  -38.399  -38.965  -22.499 0.0000000000
22614  -37.296  -39.478  -22.725 0.0000000000
22615  -38.278  -37.810  -22.714 0.0000000000
23383  -37.351  -65.669  -16.302 0.0000000000
23384  -37.180  -64.279  -16.280 0.0000000000
24432  -31.577  -48.296  -17.866 0.0000000000
24434  -31.217  -46.758  -18.566 0.0000000000
25512  -35.825  -59.062  -15.885 0.0000000000
25513  -34.092  -59.692  -15.264 0.0000000000
25514  -35.301  -57.791  -15.943 0.0000000000
25515  -34.773  -56.433  -16.038 0.0000000000
25516  -34.227  -55.090  -16.155 0.0000000000
25517  -33.631  -53.871  -16.431 0.0000000000
25518  -35.359  -53.208  -17.350 0.0000000000
25519  -36.166  -51.522  -18.290 0.0000000000
29602  -33.513  -64.045  -15.225 0.0000000000
29603  -34.971  -62.214  -15.118 0.0000000000
29604  -37.059  -63.006  -16.130 0.0000000000
29605  -36.729  -61.601  -15.970 0.0000000000
29606  -36.308  -60.233  -15.867 0.0000000000
29607  -37.186  -58.480  -17.501 0.0000000000
34349  -30.705  -51.669  -16.923 0.0000000000
34350  -33.005  -52.523  -16.599 0.0000000000
34351  -32.472  -51.128  -16.783 0.0000000000
34352  -31.960  -49.703  -17.258 0.0000000000
34353  -33.333  -47.900  -17.998 0.0000000000
34354  -34.573  -46.499  -19.248 0.0000000000
34355  -35.783  -45.174  -20.580 0.0000000000
40450  -36.336  -40.960  -22.309 0.0000000000
40451  -36.118  -39.879  -22.726 0.0000000000
41734  -34.998  -44.653  -20.496 0.0000000000
41735  -34.174  -44.581  -20.315 0.0000000000
41736  -34.863  -44.061  -20.845 0.0000000000
41737  -34.718  -43.471  -21.087 0.0000000000
41738  -35.406  -43.409  -21.319 0.0000000000
44727  -35.593  -66.811  -15.544 0.0000000000
44729  -34.670  -67.069  -15.305 0.0000000000
44731  -34.701  -66.335  -15.294 0.0000000000
44732  -34.722  -65.790  -15.244 0.0000000000
44733  -35.528  -65.487  -15.484 0.0000000000
48279  -33.823  -61.954  -15.155 0.0000000000
48281  -33.593  -61.313  -15.214 0.0000000000
48282  -32.584  -56.543  -15.946 0.0000000000
48283  -31.989  -57.619  -15.995 0.0000000000
48284  -31.664  -56.979  -16.158 0.0000000000
48286  -31.371  -56.284  -16.315 0.0000000000
48287  -31.104  -55.594  -16.457 0.0000000000
48288  -31.988  -55.228  -16.268 0.0000000000
48290  -35.517  -49.642  -18.313 0.0000000000
53334  -38.328  -38.381  -22.584 0.0000000000
56079  -32.270  -47.285  -18.212 0.0000000000
56080  -31.391  -47.526  -18.229 0.0000000000
56081  -32.079  -46.557  -18.660 0.0000000000
56082  -32.495  -44.581  -19.972 0.0000000000
56083  -31.799  -45.253  -19.455 0.0000000000
56089  -34.369  -41.998  -21.683 0.0000000000
57879  -36.310  -58.112  -16.636 0.0000000000
57880  -35.555  -58.468  -15.920 0.0000000000
57881  -36.070  -57.483  -16.627 0.0000000000
57882  -36.004  -55.221  -17.233 0.0000000000
57883  -35.571  -56.124  -16.595 0.0000000000
57884  -35.306  -55.445  -16.583 0.0000000000
57885  -34.488  -55.716  -16.077 0.0000000000
57886  -35.050  -54.788  -16.616 0.0000000000
57887  -34.812  -54.126  -16.737 0.0000000000
57888  -35.587  -53.859  -17.297 0.0000000000
65074  -34.493  -64.496  -15.194 0.0000000000
65075  -33.629  -64.713  -15.204 0.0000000000
65076  -34.385  -63.828  -15.142 0.0000000000
65077  -34.263  -63.229  -15.094 0.0000000000
65078  -35.144  -62.907  -15.179 0.0000000000
65080  -37.116  -63.649  -16.211 0.0000000000
65082  -37.842  -60.357  -17.425 0.0000000000
65083  -37.468  -61.282  -16.709 0.0000000000
65084  -37.271  -60.631  -16.698 0.0000000000
65085  -36.515  -60.885  -15.910 0.0000000000
65086  -37.051  -60.009  -16.672 0.0000000000
65087  -36.813  -59.392  -16.642 0.0000000000
65088  -37.418  -59.050  -17.508 0.0000000000
75722  -33.809  -59.060  -15.385 0.0000000000
75723  -33.117  -60.136  -15.410 0.0000000000
75724  -32.892  -59.527  -15.535 0.0000000000
75741  -30.309  -53.471  -16.743 0.0000000000
75742  -30.087  -52.586  -16.885 0.0000000000
75743  -30.945  -52.414  -16.757 0.0000000000
75744  -34.252  -52.839  -16.853 0.0000000000
75745  -33.321  -53.219  -16.506 0.0000000000
75746  -33.967  -52.153  -16.867 0.0000000000
75747  -34.003  -49.882  -17.466 0.0000000000
75748  -33.390  -50.863  -16.998 0.0000000000
75749  -33.152  -50.180  -17.106 0.0000000000
75750  -32.214  -50.426  -16.998 0.0000000000
75751  -32.879  -49.453  -17.301 0.0000000000
75752  -32.662  -48.804  -17.549 0.0000000000
75753  -33.536  -48.504  -17.740 0.0000000000
75755  -34.747  -47.097  -18.968 0.0000000000
75756  -35.369  -46.368  -19.595 0.0000000000
75757  -35.242  -45.789  -19.899 0.0000000000
90879  -36.435  -41.595  -22.176 0.0000000000
90880  -36.995  -40.784  -22.551 0.0000000000
90881  -37.224  -38.855  -22.856 0.0000000000
90882  -36.818  -39.577  -22.861 0.0000000000
90883  -36.723  -39.029  -23.038 0.0000000000
93552  -33.631  -45.851  -19.277 0.0000000000
93553  -32.746  -45.897  -19.039 0.0000000000
93554  -33.490  -45.179  -19.716 0.0000000000
93555  -33.374  -44.483  -20.189 0.0000000000
93556  -33.247  -43.910  -20.501 0.0000000000
93557  -33.117  -43.269  -20.858 0.0000000000
93558  -33.879  -43.371  -20.927 0.0000000000
93559  -34.543  -42.751  -21.375 0.0000000000
93560  -35.164  -42.130  -21.718 0.0000000000
94632  -37.063  -56.342  -18.027 0.0000000000
94633  -36.469  -56.599  -17.325 0.0000000000
94634  -36.858  -55.652  -17.958 0.0000000000
94635  -36.630  -54.991  -17.894 0.0000000000
94636  -36.432  -54.332  -17.848 0.0000000000
94637  -36.253  -53.694  -17.837 0.0000000000
98950  -34.608  -65.160  -15.232 0.0000000000
98951  -35.407  -64.198  -15.337 0.0000000000
98955  -38.442  -60.123  -18.099 0.0000000000
98956  -38.226  -59.523  -18.102 0.0000000000
98957  -38.005  -58.870  -18.140 0.0000000000
105338  -33.199  -57.872  -15.625 0.0000000000
105339  -32.640  -58.989  -15.677 0.0000000000
105340  -32.331  -58.335  -15.833 0.0000000000
105341  -31.494  -58.663  -16.054 0.0000000000
105349  -30.865  -54.924  -16.539 0.0000000000
105350  -31.411  -53.864  -16.516 0.0000000000
105351  -35.357  -51.093  -17.796 0.0000000000
105352  -34.537  -51.295  -17.318 0.0000000000
105353  -35.089  -50.419  -17.837 0.0000000000
105354  -34.833  -49.736  -17.894 0.0000000000
105355  -34.596  -49.019  -17.982 0.0000000000
105356  -34.395  -48.377  -18.143 0.0000000000
105357  -35.138  -48.285  -18.522 0.0000000000
114431  -38.004  -39.786  -22.593 0.0000000000
114432  -37.436  -40.071  -22.625 0.0000000000
114433  -37.869  -39.229  -22.621 0.0000000000
114434  -37.739  -38.728  -22.686 0.0000000000
114435  -37.691  -38.064  -22.897 0.0000000000
115998  -36.475  -66.672  -15.892 0.0000000000
115999  -36.419  -65.898  -15.873 0.0000000000
116000  -36.385  -65.225  -15.855 0.0000000000
116001  -37.250  -64.967  -16.319 0.0000000000
118446  -30.933  -49.176  -17.634 0.0000000000
118447  -30.090  -49.296  -17.620 0.0000000000
118448  -30.769  -48.365  -17.917 0.0000000000
118451  -31.926  -45.893  -19.054 0.0000000000
118452  -31.096  -45.889  -19.075 0.0000000000
120966  -35.248  -59.929  -15.335 0.0000000000
120967  -34.318  -60.254  -15.169 0.0000000000
120968  -34.990  -59.317  -15.369 0.0000000000
120969  -34.738  -58.717  -15.430 0.0000000000
120970  -34.458  -58.130  -15.541 0.0000000000
120971  -35.826  -56.826  -16.618 0.0000000000
120972  -35.038  -57.103  -15.987 0.0000000000
120973  -34.163  -57.446  -15.627 0.0000000000
120974  -33.822  -56.785  -15.729 0.0000000000
120975  -33.509  -56.178  -15.866 0.0000000000
120976  -33.236  -55.471  -16.034 0.0000000000
120977  -32.919  -54.820  -16.184 0.0000000000
120978  -33.943  -54.476  -16.276 0.0000000000
120979  -34.533  -53.479  -16.819 0.0000000000
120980  -35.097  -52.577  -17.358 0.0000000000
120981  -36.049  -52.946  -17.812 0.0000000000
120982  -35.846  -52.305  -17.808 0.0000000000
120983  -35.619  -51.698  -17.816 0.0000000000
120984  -35.940  -50.912  -18.288 0.0000000000
130815  -33.370  -63.389  -15.246 0.0000000000
130816  -34.053  -62.583  -15.110 0.0000000000
130817  -34.752  -61.512  -15.098 0.0000000000
130818  -36.330  -64.584  -15.808 0.0000000000
130819  -36.257  -63.955  -15.698 0.0000000000
130820  -36.167  -63.280  -15.589 0.0000000000
130821  -37.620  -62.012  -16.729 0.0000000000
130822  -36.920  -62.306  -16.042 0.0000000000
130823  -36.047  -62.576  -15.471 0.0000000000
130824  -35.902  -61.912  -15.411 0.0000000000
130825  -35.717  -61.243  -15.380 0.0000000000
130826  -35.485  -60.579  -15.348 0.0000000000
130827  -36.068  -59.630  -15.865 0.0000000000
130828  -36.551  -58.750  -16.632 0.0000000000
130829  -36.969  -57.907  -17.471 0.0000000000
130830  -37.793  -58.231  -18.191 0.0000000000
130831  -37.588  -57.671  -18.201 0.0000000000
130832  -37.312  -57.030  -18.117 0.0000000000
144069  -33.363  -60.730  -15.288 0.0000000000
144095  -30.483  -50.812  -17.102 0.0000000000
144096  -32.615  -54.173  -16.324 0.0000000000
144097  -32.339  -53.619  -16.427 0.0000000000
144098  -32.056  -52.815  -16.540 0.0000000000
144099  -33.664  -51.536  -16.932 0.0000000000
144100  -32.699  -51.833  -16.659 0.0000000000
144101  -31.787  -52.058  -16.699 0.0000000000
144102  -31.561  -51.310  -16.884 0.0000000000
144103  -31.316  -50.587  -17.060 0.0000000000
144104  -31.125  -49.878  -17.335 0.0000000000
144105  -31.779  -49.036  -17.526 0.0000000000
144106  -32.456  -48.033  -17.890 0.0000000000
144107  -33.124  -47.242  -18.305 0.0000000000
144108  -34.192  -47.694  -18.349 0.0000000000
144109  -33.984  -47.019  -18.611 0.0000000000
144110  -33.789  -46.481  -18.893 0.0000000000
144111  -34.421  -45.879  -19.552 0.0000000000
144112  -35.123  -45.214  -20.199 0.0000000000
144113  -35.646  -44.653  -20.829 0.0000000000
162304  -35.904  -42.709  -21.724 0.0000000000
162305  -35.796  -41.989  -21.918 0.0000000000
162306  -35.725  -41.197  -22.178 0.0000000000
162307  -36.967  -40.151  -22.735 0.0000000000
162308  -36.215  -40.408  -22.495 0.0000000000
162309  -35.609  -40.570  -22.447 0.0000000000
