#!ascii label  , from subject fsaverage vox2ras=TkReg coords=white
1395
154  -47.193  -58.258  -7.840 0.0000000000
617  -39.936  -69.013  -7.500 0.0000000000
618  -40.248  -60.061  -10.617 0.0000000000
621  -41.264  -48.560  -14.853 0.0000000000
622  -42.646  -39.897  -20.148 0.0000000000
983  -40.214  -78.414  -13.515 0.0000000000
1377  -43.038  -65.490  -5.434 0.0000000000
1378  -41.747  -61.583  -5.265 0.0000000000
1379  -39.227  -64.539  -8.497 0.0000000000
1380  -42.094  -57.587  -6.461 0.0000000000
1386  -49.321  -44.794  -18.213 0.0000000000
1387  -44.514  -48.105  -12.485 0.0000000000
1388  -45.890  -42.706  -16.342 0.0000000000
1389  -41.840  -43.337  -16.596 0.0000000000
1390  -46.044  -40.232  -21.153 0.0000000000
2487  -42.490  -75.307  -10.177 0.0000000000
2488  -39.826  -72.387  -10.674 0.0000000000
2496  -47.823  -54.231  -10.641 0.0000000000
2497  -42.604  -53.221  -9.537 0.0000000000
2498  -40.488  -55.146  -13.596 0.0000000000
2501  -39.095  -46.221  -18.987 0.0000000000
3296  -46.952  -59.994  -6.865 0.0000000000
3297  -44.359  -61.403  -5.754 0.0000000000
3298  -44.433  -59.409  -5.961 0.0000000000
3299  -41.840  -59.505  -5.564 0.0000000000
3300  -44.781  -57.653  -6.710 0.0000000000
3306  -49.511  -42.696  -20.613 0.0000000000
3307  -47.593  -43.591  -16.972 0.0000000000
3308  -47.834  -41.832  -19.659 0.0000000000
3309  -46.261  -41.340  -18.876 0.0000000000
5569  -40.924  -66.896  -5.926 0.0000000000
5570  -42.718  -68.565  -5.866 0.0000000000
5571  -41.487  -70.605  -7.151 0.0000000000
5573  -41.231  -72.688  -8.803 0.0000000000
5574  -40.780  -74.416  -10.375 0.0000000000
5575  -39.898  -70.944  -9.158 0.0000000000
5576  -39.878  -62.149  -9.395 0.0000000000
5577  -39.997  -66.273  -10.717 0.0000000000
5579  -41.454  -65.449  -14.224 0.0000000000
5580  -41.013  -61.684  -13.077 0.0000000000
5596  -47.948  -52.618  -12.574 0.0000000000
5597  -45.276  -53.441  -9.528 0.0000000000
5598  -45.692  -51.719  -11.449 0.0000000000
5599  -42.397  -47.875  -13.161 0.0000000000
5600  -41.507  -51.141  -12.407 0.0000000000
5601  -41.015  -52.002  -14.658 0.0000000000
5602  -41.406  -56.076  -16.275 0.0000000000
5606  -42.356  -41.458  -18.387 0.0000000000
5607  -40.297  -44.504  -17.743 0.0000000000
5608  -40.720  -42.253  -19.305 0.0000000000
5610  -41.342  -40.523  -21.116 0.0000000000
6377  -39.565  -76.260  -13.464 0.0000000000
7086  -44.618  -63.390  -5.575 0.0000000000
7087  -42.104  -63.477  -5.211 0.0000000000
7088  -40.043  -64.862  -6.012 0.0000000000
7089  -39.198  -66.792  -7.831 0.0000000000
7090  -39.801  -62.734  -6.337 0.0000000000
7091  -39.999  -60.579  -6.919 0.0000000000
7092  -40.286  -58.579  -8.062 0.0000000000
7102  -48.774  -47.623  -15.966 0.0000000000
7103  -46.468  -49.207  -13.235 0.0000000000
7104  -47.129  -46.137  -14.642 0.0000000000
7105  -45.145  -45.201  -13.966 0.0000000000
7106  -43.132  -44.862  -14.351 0.0000000000
7107  -41.394  -45.813  -15.282 0.0000000000
7108  -43.916  -42.753  -16.118 0.0000000000
7109  -44.262  -41.171  -18.120 0.0000000000
7110  -44.371  -39.787  -20.160 0.0000000000
10018  -41.609  -77.283  -12.045 0.0000000000
10019  -40.185  -75.567  -11.979 0.0000000000
10020  -39.995  -73.272  -12.357 0.0000000000
10021  -39.391  -68.834  -9.820 0.0000000000
10022  -39.888  -69.792  -11.612 0.0000000000
10043  -50.316  -55.836  -12.175 0.0000000000
10044  -47.742  -56.340  -9.010 0.0000000000
10045  -45.214  -55.444  -7.965 0.0000000000
10046  -42.390  -55.345  -7.917 0.0000000000
10047  -40.416  -56.239  -9.532 0.0000000000
10048  -43.348  -51.059  -11.301 0.0000000000
10049  -40.683  -53.845  -11.043 0.0000000000
10050  -40.059  -57.752  -12.147 0.0000000000
10051  -41.124  -59.134  -14.842 0.0000000000
10057  -40.303  -47.236  -16.712 0.0000000000
10058  -39.667  -49.061  -18.205 0.0000000000
10065  -44.222  -38.394  -22.411 0.0000000000
10976  -47.066  -59.011  -7.260 0.0000000000
10977  -45.694  -59.631  -6.431 0.0000000000
10978  -45.797  -58.747  -6.768 0.0000000000
10979  -44.519  -58.511  -6.260 0.0000000000
10980  -45.987  -57.924  -7.261 0.0000000000
10985  -50.201  -42.555  -22.543 0.0000000000
10986  -49.351  -42.093  -21.872 0.0000000000
10987  -48.657  -42.275  -20.019 0.0000000000
10988  -48.575  -41.585  -21.393 0.0000000000
10989  -47.794  -41.231  -20.876 0.0000000000
13249  -40.307  -67.835  -6.580 0.0000000000
13250  -40.989  -68.751  -6.493 0.0000000000
13251  -40.627  -69.884  -7.330 0.0000000000
13252  -41.288  -71.601  -8.017 0.0000000000
13253  -40.538  -70.930  -8.104 0.0000000000
13254  -40.491  -71.799  -8.953 0.0000000000
13255  -39.929  -69.984  -8.323 0.0000000000
13256  -40.185  -61.070  -9.935 0.0000000000
13257  -40.262  -62.915  -10.566 0.0000000000
13258  -40.493  -61.856  -11.280 0.0000000000
13259  -40.853  -62.715  -12.521 0.0000000000
13260  -40.577  -60.896  -11.845 0.0000000000
13277  -46.785  -52.152  -11.901 0.0000000000
13278  -47.043  -51.176  -12.954 0.0000000000
13279  -41.704  -48.141  -13.921 0.0000000000
13280  -41.546  -49.887  -13.806 0.0000000000
13281  -41.266  -50.256  -14.922 0.0000000000
13282  -41.193  -52.360  -15.837 0.0000000000
13283  -41.230  -50.684  -15.919 0.0000000000
13285  -41.109  -49.252  -15.751 0.0000000000
13286  -42.536  -40.617  -19.202 0.0000000000
13287  -41.440  -41.814  -18.702 0.0000000000
13288  -41.699  -40.861  -19.690 0.0000000000
13289  -41.084  -41.349  -20.293 0.0000000000
13290  -41.908  -40.117  -20.606 0.0000000000
14467  -38.959  -77.898  -13.755 0.0000000000
14468  -39.824  -77.373  -13.383 0.0000000000
15649  -43.017  -61.379  -5.373 0.0000000000
15650  -43.135  -62.303  -5.299 0.0000000000
15651  -41.874  -62.524  -5.229 0.0000000000
15652  -40.941  -64.076  -5.441 0.0000000000
15653  -40.715  -63.053  -5.487 0.0000000000
15654  -39.874  -63.816  -6.141 0.0000000000
15655  -40.623  -62.035  -5.631 0.0000000000
15656  -42.003  -58.557  -5.946 0.0000000000
15657  -40.766  -59.894  -5.982 0.0000000000
15658  -40.834  -58.932  -6.447 0.0000000000
15659  -40.165  -59.537  -7.453 0.0000000000
15660  -40.947  -57.965  -7.027 0.0000000000
15672  -50.433  -44.183  -20.262 0.0000000000
15674  -50.180  -45.571  -18.894 0.0000000000
15675  -49.908  -47.026  -17.708 0.0000000000
15676  -49.061  -46.170  -17.018 0.0000000000
15677  -47.955  -46.824  -15.276 0.0000000000
15678  -48.251  -45.404  -16.271 0.0000000000
15679  -46.709  -43.090  -16.565 0.0000000000
15680  -46.460  -44.254  -15.328 0.0000000000
15681  -45.493  -43.874  -15.073 0.0000000000
15682  -44.152  -44.949  -14.025 0.0000000000
15683  -44.552  -43.602  -15.085 0.0000000000
15684  -43.528  -43.690  -15.160 0.0000000000
15685  -44.989  -42.675  -16.112 0.0000000000
15686  -46.171  -40.758  -20.078 0.0000000000
15687  -45.275  -41.147  -18.519 0.0000000000
15688  -45.327  -40.590  -19.545 0.0000000000
15689  -44.359  -40.497  -19.180 0.0000000000
15690  -45.321  -40.000  -20.623 0.0000000000
22467  -42.964  -70.070  -6.242 0.0000000000
22480  -42.131  -76.424  -11.055 0.0000000000
22481  -40.183  -73.484  -10.480 0.0000000000
22482  -40.483  -75.049  -11.230 0.0000000000
22483  -40.034  -74.110  -11.276 0.0000000000
22484  -39.903  -74.420  -12.042 0.0000000000
22485  -39.875  -72.827  -11.514 0.0000000000
22486  -39.095  -65.586  -8.113 0.0000000000
22487  -39.242  -67.856  -8.901 0.0000000000
22488  -39.204  -66.668  -9.258 0.0000000000
22489  -40.523  -67.036  -11.616 0.0000000000
22490  -39.915  -68.246  -11.121 0.0000000000
22491  -40.340  -68.573  -12.089 0.0000000000
22492  -40.384  -70.318  -12.611 0.0000000000
22496  -41.947  -64.237  -14.974 0.0000000000
22542  -49.080  -54.052  -12.343 0.0000000000
22543  -50.353  -54.968  -13.172 0.0000000000
22544  -49.080  -55.006  -11.368 0.0000000000
22545  -49.048  -56.033  -10.487 0.0000000000
22546  -47.831  -55.307  -9.724 0.0000000000
22547  -46.543  -55.846  -8.381 0.0000000000
22548  -46.611  -54.790  -9.104 0.0000000000
22549  -43.903  -53.218  -9.366 0.0000000000
22550  -43.788  -54.211  -8.473 0.0000000000
22551  -42.447  -54.283  -8.683 0.0000000000
22552  -41.156  -55.688  -8.522 0.0000000000
22553  -41.309  -54.557  -9.355 0.0000000000
22554  -45.558  -48.577  -12.719 0.0000000000
22555  -44.995  -50.047  -11.989 0.0000000000
22556  -43.981  -49.691  -11.870 0.0000000000
22557  -40.613  -52.977  -12.926 0.0000000000
22558  -40.972  -52.509  -11.809 0.0000000000
22559  -40.337  -54.444  -12.239 0.0000000000
22560  -40.118  -55.739  -11.520 0.0000000000
22561  -40.152  -56.516  -12.932 0.0000000000
22562  -40.440  -58.524  -13.546 0.0000000000
22563  -40.576  -57.176  -14.256 0.0000000000
22565  -42.052  -58.018  -16.968 0.0000000000
22576  -41.595  -44.506  -15.836 0.0000000000
22577  -40.841  -46.615  -15.978 0.0000000000
22578  -40.883  -45.183  -16.452 0.0000000000
22579  -39.601  -45.297  -18.325 0.0000000000
22580  -39.643  -46.753  -17.708 0.0000000000
22581  -39.245  -47.621  -18.503 0.0000000000
24364  -46.805  -61.080  -6.517 0.0000000000
24365  -45.578  -61.715  -6.075 0.0000000000
24366  -45.600  -60.651  -6.280 0.0000000000
24367  -44.354  -60.401  -5.831 0.0000000000
24368  -43.012  -60.377  -5.436 0.0000000000
24369  -41.779  -60.535  -5.389 0.0000000000
24370  -43.125  -59.388  -5.613 0.0000000000
24371  -43.317  -58.387  -5.924 0.0000000000
24372  -43.473  -57.481  -6.353 0.0000000000
24381  -50.414  -43.183  -21.428 0.0000000000
24382  -49.499  -43.605  -19.479 0.0000000000
24383  -48.444  -44.065  -17.567 0.0000000000
24384  -48.554  -43.072  -18.907 0.0000000000
24385  -47.711  -42.631  -18.385 0.0000000000
24386  -46.963  -42.154  -18.045 0.0000000000
24387  -46.151  -41.945  -17.560 0.0000000000
24388  -47.086  -41.614  -19.308 0.0000000000
24389  -47.008  -41.089  -20.562 0.0000000000
28455  -41.977  -65.969  -5.479 0.0000000000
28456  -42.709  -66.898  -5.601 0.0000000000
28457  -41.683  -67.747  -5.856 0.0000000000
28458  -41.973  -69.458  -6.363 0.0000000000
28459  -42.549  -71.075  -6.977 0.0000000000
28461  -42.269  -72.141  -7.924 0.0000000000
28462  -42.183  -73.104  -8.693 0.0000000000
28463  -41.952  -74.015  -9.477 0.0000000000
28464  -41.593  -75.027  -10.289 0.0000000000
28465  -41.072  -73.521  -9.618 0.0000000000
28466  -40.376  -72.732  -9.743 0.0000000000
28467  -39.847  -71.779  -9.937 0.0000000000
28468  -39.502  -63.398  -8.891 0.0000000000
28469  -39.428  -65.439  -9.656 0.0000000000
28470  -39.839  -64.179  -10.061 0.0000000000
28471  -40.499  -64.954  -11.210 0.0000000000
28474  -41.084  -64.704  -13.082 0.0000000000
28475  -41.247  -63.618  -13.739 0.0000000000
28476  -41.607  -62.327  -14.367 0.0000000000
28503  -49.216  -53.173  -13.362 0.0000000000
28504  -47.868  -53.407  -11.613 0.0000000000
28505  -46.594  -53.797  -10.035 0.0000000000
28506  -46.585  -52.945  -10.942 0.0000000000
28507  -45.434  -52.572  -10.453 0.0000000000
28508  -44.174  -52.318  -10.247 0.0000000000
28509  -43.386  -47.844  -12.647 0.0000000000
28510  -42.914  -49.459  -12.186 0.0000000000
28511  -42.066  -49.617  -12.852 0.0000000000
28512  -41.105  -51.530  -13.445 0.0000000000
28513  -40.659  -53.556  -14.164 0.0000000000
28514  -40.860  -55.689  -14.934 0.0000000000
28515  -41.023  -54.065  -15.449 0.0000000000
28516  -41.473  -54.471  -16.758 0.0000000000
28522  -42.160  -42.420  -17.336 0.0000000000
28523  -41.042  -43.916  -17.125 0.0000000000
28524  -41.226  -42.786  -17.908 0.0000000000
28525  -40.440  -43.302  -18.452 0.0000000000
28526  -39.811  -44.001  -19.113 0.0000000000
28527  -39.307  -44.861  -19.746 0.0000000000
28528  -40.162  -42.830  -20.044 0.0000000000
31892  -43.710  -64.306  -5.408 0.0000000000
31893  -44.454  -62.388  -5.666 0.0000000000
31894  -43.363  -63.251  -5.274 0.0000000000
31895  -42.526  -64.446  -5.301 0.0000000000
31896  -41.330  -65.109  -5.475 0.0000000000
31897  -40.396  -65.937  -5.976 0.0000000000
31898  -39.801  -66.905  -6.678 0.0000000000
31899  -39.502  -67.904  -7.661 0.0000000000
31900  -39.444  -65.769  -6.869 0.0000000000
31901  -39.301  -64.632  -7.088 0.0000000000
31902  -39.332  -63.544  -7.375 0.0000000000
31903  -40.644  -60.931  -5.758 0.0000000000
31904  -39.879  -61.635  -6.581 0.0000000000
31905  -39.462  -62.528  -7.692 0.0000000000
31906  -39.693  -61.334  -8.096 0.0000000000
31907  -39.942  -60.313  -8.671 0.0000000000
31908  -40.146  -59.260  -9.305 0.0000000000
31929  -49.790  -48.392  -16.738 0.0000000000
31930  -48.616  -49.046  -15.176 0.0000000000
31931  -47.429  -49.842  -13.854 0.0000000000
31932  -47.650  -48.378  -14.495 0.0000000000
31933  -46.831  -47.691  -13.833 0.0000000000
31934  -45.922  -47.069  -13.299 0.0000000000
31935  -47.421  -44.700  -15.737 0.0000000000
31936  -46.116  -45.583  -14.227 0.0000000000
31937  -44.910  -46.639  -13.167 0.0000000000
31938  -43.800  -46.333  -13.226 0.0000000000
31939  -42.713  -46.341  -13.619 0.0000000000
31940  -41.884  -46.538  -14.231 0.0000000000
31941  -41.290  -47.149  -14.926 0.0000000000
31942  -42.173  -45.196  -14.742 0.0000000000
31943  -42.492  -44.037  -15.407 0.0000000000
31944  -42.779  -42.996  -16.185 0.0000000000
31945  -45.224  -41.832  -17.227 0.0000000000
31946  -44.142  -41.877  -17.083 0.0000000000
31947  -43.089  -42.025  -17.144 0.0000000000
31948  -43.299  -41.250  -18.081 0.0000000000
31949  -43.398  -40.548  -19.079 0.0000000000
31950  -43.471  -39.780  -20.015 0.0000000000
34210  -47.986  -60.394  -7.089 0.0000000000
34211  -48.228  -59.443  -7.748 0.0000000000
34212  -48.329  -58.642  -8.430 0.0000000000
40290  -41.079  -77.927  -12.950 0.0000000000
40291  -41.257  -75.853  -11.144 0.0000000000
40292  -40.854  -76.559  -12.073 0.0000000000
40293  -40.430  -76.999  -12.830 0.0000000000
40294  -39.952  -75.908  -12.717 0.0000000000
40295  -39.793  -74.838  -12.905 0.0000000000
40296  -40.062  -73.860  -13.363 0.0000000000
40297  -39.532  -68.992  -8.612 0.0000000000
40298  -39.531  -69.923  -9.439 0.0000000000
40299  -39.549  -70.677  -10.272 0.0000000000
40300  -39.546  -67.595  -10.267 0.0000000000
40301  -39.528  -69.477  -10.707 0.0000000000
40302  -39.696  -71.095  -11.093 0.0000000000
40303  -40.072  -71.600  -11.990 0.0000000000
40304  -40.387  -72.205  -12.970 0.0000000000
40341  -48.626  -57.854  -9.122 0.0000000000
40367  -48.933  -56.990  -9.792 0.0000000000
40368  -47.474  -57.362  -8.430 0.0000000000
40369  -46.324  -56.895  -7.834 0.0000000000
40370  -45.095  -56.538  -7.315 0.0000000000
40371  -43.652  -56.373  -7.002 0.0000000000
40372  -45.303  -54.437  -8.687 0.0000000000
40373  -43.788  -55.307  -7.711 0.0000000000
40374  -42.292  -56.438  -7.177 0.0000000000
40375  -41.058  -56.755  -7.777 0.0000000000
40376  -40.353  -57.389  -8.781 0.0000000000
40377  -40.101  -58.087  -10.014 0.0000000000
40378  -46.000  -50.645  -12.419 0.0000000000
40379  -44.534  -51.306  -11.249 0.0000000000
40380  -42.879  -52.214  -10.448 0.0000000000
40381  -42.283  -50.958  -11.604 0.0000000000
40382  -41.815  -52.214  -10.951 0.0000000000
40383  -41.501  -53.448  -10.126 0.0000000000
40384  -40.486  -55.089  -10.319 0.0000000000
40385  -40.026  -56.967  -10.744 0.0000000000
40386  -40.161  -58.877  -11.361 0.0000000000
40387  -40.575  -59.701  -12.656 0.0000000000
40388  -41.090  -60.378  -13.948 0.0000000000
40389  -41.968  -60.817  -15.171 0.0000000000
40390  -41.281  -57.743  -15.596 0.0000000000
40391  -42.031  -59.520  -16.107 0.0000000000
40405  -40.925  -47.899  -15.734 0.0000000000
40406  -40.612  -48.631  -16.582 0.0000000000
40407  -40.414  -49.501  -17.393 0.0000000000
40408  -40.181  -45.924  -17.062 0.0000000000
40409  -39.950  -48.215  -17.414 0.0000000000
40410  -40.220  -50.380  -18.218 0.0000000000
40429  -45.106  -39.231  -21.761 0.0000000000
40430  -44.302  -39.086  -21.347 0.0000000000
40431  -43.544  -39.092  -21.118 0.0000000000
40439  -43.474  -38.379  -21.977 0.0000000000
40440  -42.653  -39.187  -21.085 0.0000000000
40441  -42.006  -39.364  -21.411 0.0000000000
41696  -47.133  -58.636  -7.535 0.0000000000
41697  -46.434  -58.902  -7.016 0.0000000000
41698  -46.494  -58.491  -7.273 0.0000000000
41699  -45.885  -58.342  -7.001 0.0000000000
41700  -46.611  -58.097  -7.544 0.0000000000
41706  -49.263  -41.791  -22.543 0.0000000000
41707  -48.956  -41.832  -21.660 0.0000000000
41708  -48.812  -41.567  -22.298 0.0000000000
41709  -48.442  -41.308  -22.042 0.0000000000
43969  -40.067  -68.352  -6.989 0.0000000000
43970  -40.398  -68.840  -6.933 0.0000000000
43971  -40.271  -69.478  -7.421 0.0000000000
43972  -40.540  -70.447  -7.793 0.0000000000
43973  -40.226  -69.971  -7.869 0.0000000000
43974  -40.228  -70.502  -8.210 0.0000000000
43975  -39.951  -69.484  -7.926 0.0000000000
43976  -40.244  -60.548  -10.265 0.0000000000
43977  -40.310  -61.502  -10.609 0.0000000000
43978  -40.378  -60.990  -10.932 0.0000000000
43979  -40.544  -61.375  -11.557 0.0000000000
43980  -40.393  -60.491  -11.243 0.0000000000
43997  -47.582  -51.499  -13.268 0.0000000000
43998  -47.735  -50.854  -13.778 0.0000000000
43999  -41.463  -48.342  -14.375 0.0000000000
44000  -41.444  -49.180  -14.343 0.0000000000
44001  -41.300  -49.425  -14.886 0.0000000000
44002  -41.249  -50.504  -15.425 0.0000000000
44003  -41.231  -49.676  -15.327 0.0000000000
44004  -41.170  -49.975  -15.820 0.0000000000
44005  -41.185  -48.941  -15.283 0.0000000000
44006  -42.607  -40.255  -19.667 0.0000000000
44007  -42.121  -40.734  -19.473 0.0000000000
44008  -42.199  -40.398  -19.911 0.0000000000
44009  -41.853  -40.489  -20.153 0.0000000000
44010  -42.269  -40.002  -20.361 0.0000000000
45186  -39.708  -78.703  -13.621 0.0000000000
45187  -39.547  -78.213  -13.539 0.0000000000
45188  -40.028  -77.896  -13.425 0.0000000000
46369  -42.352  -61.426  -5.260 0.0000000000
46370  -42.390  -61.875  -5.266 0.0000000000
46371  -41.805  -62.045  -5.243 0.0000000000
46372  -41.317  -62.743  -5.317 0.0000000000
46373  -41.206  -62.276  -5.365 0.0000000000
46374  -40.659  -62.547  -5.560 0.0000000000
46375  -41.170  -61.760  -5.404 0.0000000000
46376  -42.041  -58.052  -6.181 0.0000000000
46377  -41.399  -58.698  -6.128 0.0000000000
46378  -41.454  -58.225  -6.350 0.0000000000
46379  -40.861  -58.437  -6.733 0.0000000000
46380  -41.501  -57.748  -6.627 0.0000000000
46392  -49.861  -44.515  -19.281 0.0000000000
46393  -50.324  -44.816  -19.628 0.0000000000
46394  -49.749  -45.173  -18.587 0.0000000000
46395  -49.604  -45.892  -17.919 0.0000000000
46396  -49.182  -45.480  -17.583 0.0000000000
46397  -48.662  -45.746  -16.651 0.0000000000
46398  -48.761  -45.085  -17.217 0.0000000000
46399  -46.290  -42.936  -16.402 0.0000000000
46400  -46.146  -43.445  -15.749 0.0000000000
46401  -45.699  -43.260  -15.662 0.0000000000
46402  -44.998  -43.715  -15.050 0.0000000000
46403  -45.204  -43.130  -15.590 0.0000000000
46404  -44.784  -43.094  -15.592 0.0000000000
46405  -45.424  -42.687  -16.153 0.0000000000
46406  -46.134  -40.497  -20.619 0.0000000000
46407  -45.787  -40.651  -19.775 0.0000000000
46408  -45.708  -40.372  -20.353 0.0000000000
46409  -45.310  -40.277  -20.122 0.0000000000
46410  -45.658  -40.109  -20.866 0.0000000000
53184  -43.601  -65.344  -5.469 0.0000000000
53186  -43.356  -65.949  -5.508 0.0000000000
53194  -42.666  -74.776  -9.725 0.0000000000
53200  -42.315  -75.881  -10.644 0.0000000000
53201  -39.974  -72.964  -10.547 0.0000000000
53202  -40.085  -73.825  -10.855 0.0000000000
53203  -39.940  -73.248  -10.937 0.0000000000
53204  -39.916  -73.516  -11.355 0.0000000000
53205  -39.864  -72.633  -11.076 0.0000000000
53206  -39.142  -65.065  -8.280 0.0000000000
53207  -39.119  -66.138  -8.693 0.0000000000
53208  -39.166  -65.569  -8.887 0.0000000000
53210  -40.405  -67.792  -11.800 0.0000000000
53212  -40.584  -68.830  -12.615 0.0000000000
53262  -48.474  -54.147  -11.453 0.0000000000
53263  -49.074  -54.511  -11.868 0.0000000000
53264  -48.458  -54.604  -10.975 0.0000000000
53265  -48.459  -55.120  -10.515 0.0000000000
53266  -47.825  -54.759  -10.193 0.0000000000
53267  -47.231  -55.057  -9.446 0.0000000000
53268  -47.236  -54.513  -9.888 0.0000000000
53269  -43.264  -53.194  -9.404 0.0000000000
53270  -43.178  -53.702  -8.973 0.0000000000
53271  -42.507  -53.757  -9.101 0.0000000000
53272  -41.838  -54.367  -8.966 0.0000000000
53273  -41.904  -53.836  -9.380 0.0000000000
53274  -45.032  -48.284  -12.543 0.0000000000
53275  -44.765  -49.048  -12.238 0.0000000000
53276  -44.233  -48.914  -12.171 0.0000000000
53277  -40.480  -54.118  -13.259 0.0000000000
53278  -40.473  -53.752  -12.586 0.0000000000
53279  -40.351  -54.812  -12.928 0.0000000000
53280  -40.201  -55.495  -12.563 0.0000000000
53281  -40.326  -55.856  -13.283 0.0000000000
53282  -40.344  -56.879  -13.584 0.0000000000
53283  -40.498  -56.184  -13.910 0.0000000000
53296  -41.690  -43.887  -16.199 0.0000000000
53297  -41.224  -44.835  -16.138 0.0000000000
53298  -41.320  -44.224  -16.468 0.0000000000
53299  -39.337  -45.845  -18.597 0.0000000000
53300  -39.303  -46.482  -18.335 0.0000000000
53301  -39.145  -46.893  -18.725 0.0000000000
53302  -39.102  -47.991  -18.869 0.0000000000
53303  -38.940  -47.233  -19.098 0.0000000000
53305  -38.920  -46.534  -19.391 0.0000000000
55966  -46.893  -60.551  -6.677 0.0000000000
55967  -46.192  -60.855  -6.403 0.0000000000
55968  -46.254  -60.313  -6.539 0.0000000000
55969  -45.014  -59.505  -6.168 0.0000000000
55970  -45.068  -60.008  -6.125 0.0000000000
55971  -44.404  -59.879  -5.837 0.0000000000
55972  -43.697  -60.390  -5.620 0.0000000000
55973  -43.748  -59.863  -5.676 0.0000000000
55974  -43.076  -59.874  -5.504 0.0000000000
55975  -43.792  -59.365  -5.778 0.0000000000
55976  -44.644  -58.104  -6.466 0.0000000000
55977  -43.953  -58.436  -6.047 0.0000000000
55978  -44.066  -58.011  -6.255 0.0000000000
55979  -43.358  -57.968  -6.123 0.0000000000
55980  -44.157  -57.563  -6.476 0.0000000000
55992  -49.852  -42.624  -21.575 0.0000000000
55993  -50.271  -42.852  -21.972 0.0000000000
55994  -49.963  -42.923  -21.005 0.0000000000
55995  -49.994  -43.344  -20.454 0.0000000000
55996  -49.509  -43.103  -20.033 0.0000000000
55997  -49.047  -43.305  -19.163 0.0000000000
55998  -49.051  -42.853  -19.709 0.0000000000
55999  -48.282  -42.045  -19.821 0.0000000000
56000  -48.206  -42.383  -19.218 0.0000000000
56001  -47.799  -42.198  -19.049 0.0000000000
56002  -47.304  -42.388  -18.153 0.0000000000
56003  -47.411  -42.023  -18.904 0.0000000000
56004  -47.039  -41.867  -18.668 0.0000000000
56005  -47.465  -41.739  -19.506 0.0000000000
56006  -47.712  -41.004  -21.470 0.0000000000
56007  -47.389  -41.175  -20.727 0.0000000000
56008  -47.276  -40.862  -21.264 0.0000000000
56009  -46.916  -40.780  -21.165 0.0000000000
62784  -41.348  -66.397  -5.665 0.0000000000
62785  -41.760  -66.854  -5.627 0.0000000000
62786  -41.298  -67.330  -5.879 0.0000000000
62787  -41.198  -69.696  -6.802 0.0000000000
62788  -41.444  -69.140  -6.427 0.0000000000
62789  -41.672  -70.017  -6.734 0.0000000000
62790  -42.183  -70.283  -6.671 0.0000000000
62791  -41.979  -70.874  -7.077 0.0000000000
62792  -42.355  -71.635  -7.443 0.0000000000
62793  -41.848  -71.404  -7.540 0.0000000000
62794  -41.232  -72.096  -8.368 0.0000000000
62795  -41.727  -72.414  -8.357 0.0000000000
62796  -41.699  -72.921  -8.745 0.0000000000
62797  -42.093  -73.562  -9.075 0.0000000000
62798  -41.593  -73.333  -9.170 0.0000000000
62799  -41.505  -73.802  -9.546 0.0000000000
62800  -41.168  -73.055  -9.249 0.0000000000
62801  -40.193  -71.351  -9.041 0.0000000000
62802  -40.461  -72.284  -9.362 0.0000000000
62803  -40.155  -71.846  -9.421 0.0000000000
62804  -40.076  -72.273  -9.812 0.0000000000
62805  -39.904  -71.409  -9.547 0.0000000000
62806  -39.690  -62.766  -9.138 0.0000000000
62807  -39.632  -63.782  -9.479 0.0000000000
62808  -39.853  -63.167  -9.718 0.0000000000
62809  -40.538  -63.307  -11.205 0.0000000000
62810  -40.381  -63.952  -10.898 0.0000000000
62815  -40.874  -64.195  -12.484 0.0000000000
62816  -40.926  -62.192  -12.786 0.0000000000
62817  -41.000  -63.185  -13.101 0.0000000000
62818  -41.113  -62.594  -13.402 0.0000000000
62819  -41.419  -62.985  -14.067 0.0000000000
62820  -41.273  -62.022  -13.709 0.0000000000
62862  -48.561  -52.505  -13.397 0.0000000000
62864  -48.533  -52.906  -12.935 0.0000000000
62865  -48.519  -53.281  -12.458 0.0000000000
62866  -47.878  -53.012  -12.076 0.0000000000
62867  -47.237  -53.174  -11.262 0.0000000000
62868  -47.244  -52.778  -11.738 0.0000000000
62869  -46.230  -51.923  -11.621 0.0000000000
62870  -46.104  -52.315  -11.124 0.0000000000
62871  -45.602  -52.197  -10.883 0.0000000000
62872  -44.796  -52.427  -10.293 0.0000000000
62873  -44.948  -51.981  -10.786 0.0000000000
62874  -42.886  -47.807  -12.861 0.0000000000
62875  -42.688  -48.653  -12.634 0.0000000000
62876  -42.255  -48.701  -13.024 0.0000000000
62877  -41.256  -50.905  -14.220 0.0000000000
62878  -41.362  -50.712  -13.679 0.0000000000
62879  -41.032  -51.736  -14.034 0.0000000000
62880  -40.779  -52.490  -13.788 0.0000000000
62881  -40.786  -52.819  -14.410 0.0000000000
62882  -40.827  -53.824  -14.783 0.0000000000
62883  -40.930  -53.016  -15.103 0.0000000000
62884  -41.252  -52.562  -16.418 0.0000000000
62885  -41.255  -53.429  -16.306 0.0000000000
62896  -42.247  -41.964  -17.824 0.0000000000
62897  -41.655  -42.552  -17.602 0.0000000000
62898  -41.740  -42.067  -18.010 0.0000000000
62899  -41.080  -42.046  -18.952 0.0000000000
62900  -40.931  -42.509  -18.529 0.0000000000
62901  -40.551  -42.765  -18.838 0.0000000000
62902  -40.114  -43.661  -18.778 0.0000000000
62903  -40.253  -43.078  -19.195 0.0000000000
62904  -39.971  -43.395  -19.538 0.0000000000
62905  -40.441  -42.559  -19.656 0.0000000000
62906  -41.224  -40.908  -20.742 0.0000000000
62907  -40.846  -41.643  -20.633 0.0000000000
62908  -40.995  -41.145  -21.066 0.0000000000
66439  -39.319  -77.127  -13.645 0.0000000000
66441  -39.270  -76.572  -13.766 0.0000000000
66443  -39.565  -75.746  -13.629 0.0000000000
69979  -45.253  -63.453  -5.668 0.0000000000
69981  -44.777  -63.849  -5.572 0.0000000000
69982  -44.349  -64.271  -5.507 0.0000000000
69983  -44.127  -63.828  -5.463 0.0000000000
69984  -44.975  -61.559  -5.940 0.0000000000
69985  -44.996  -62.094  -5.882 0.0000000000
69986  -44.370  -61.877  -5.678 0.0000000000
69987  -42.593  -62.870  -5.214 0.0000000000
69988  -43.241  -62.793  -5.276 0.0000000000
69989  -42.724  -63.337  -5.200 0.0000000000
69990  -42.849  -63.806  -5.241 0.0000000000
69991  -42.301  -63.942  -5.248 0.0000000000
69992  -41.918  -64.764  -5.323 0.0000000000
69993  -41.666  -64.237  -5.296 0.0000000000
69994  -40.439  -64.470  -5.680 0.0000000000
69995  -40.594  -64.994  -5.687 0.0000000000
69996  -40.198  -65.423  -5.988 0.0000000000
69997  -40.051  -66.404  -6.317 0.0000000000
69998  -39.834  -65.874  -6.356 0.0000000000
69999  -39.589  -66.404  -6.788 0.0000000000
70000  -39.684  -65.295  -6.366 0.0000000000
70001  -39.817  -63.262  -6.233 0.0000000000
70002  -39.534  -64.206  -6.572 0.0000000000
70003  -39.478  -63.662  -6.697 0.0000000000
70004  -39.298  -64.067  -7.229 0.0000000000
70005  -39.492  -63.163  -6.796 0.0000000000
70006  -41.801  -60.044  -5.492 0.0000000000
70007  -41.178  -60.736  -5.561 0.0000000000
70008  -41.217  -60.195  -5.610 0.0000000000
70009  -40.344  -60.209  -6.413 0.0000000000
70010  -40.281  -60.736  -6.230 0.0000000000
70011  -39.941  -61.107  -6.734 0.0000000000
70012  -39.624  -62.061  -7.132 0.0000000000
70013  -39.680  -61.504  -7.299 0.0000000000
70014  -39.573  -61.944  -7.881 0.0000000000
70015  -39.769  -60.914  -7.492 0.0000000000
70016  -40.245  -59.053  -7.751 0.0000000000
70017  -39.978  -59.894  -8.032 0.0000000000
70018  -40.093  -59.423  -8.334 0.0000000000
70019  -40.062  -59.802  -8.979 0.0000000000
70020  -40.168  -58.936  -8.657 0.0000000000
70062  -49.333  -47.315  -16.805 0.0000000000
70063  -49.839  -47.749  -17.199 0.0000000000
70064  -49.251  -48.030  -16.356 0.0000000000
70065  -49.204  -48.666  -15.955 0.0000000000
70066  -48.699  -48.337  -15.529 0.0000000000
70067  -48.128  -48.729  -14.830 0.0000000000
70068  -48.256  -47.957  -15.162 0.0000000000
70069  -47.552  -46.455  -14.907 0.0000000000
70070  -47.391  -47.232  -14.490 0.0000000000
70071  -46.965  -46.898  -14.185 0.0000000000
70072  -46.387  -47.367  -13.578 0.0000000000
70073  -46.517  -46.581  -13.946 0.0000000000
70074  -48.026  -43.810  -17.264 0.0000000000
70075  -47.936  -44.399  -16.576 0.0000000000
70076  -47.516  -44.122  -16.302 0.0000000000
70077  -45.783  -44.653  -14.619 0.0000000000
70078  -46.300  -44.905  -14.757 0.0000000000
70079  -45.634  -45.348  -14.041 0.0000000000
70080  -45.532  -46.096  -13.583 0.0000000000
70081  -45.013  -45.921  -13.532 0.0000000000
70082  -44.335  -46.460  -13.149 0.0000000000
70083  -44.498  -45.740  -13.540 0.0000000000
70084  -43.669  -44.870  -14.172 0.0000000000
70085  -43.458  -45.556  -13.772 0.0000000000
70086  -42.910  -45.575  -13.959 0.0000000000
70087  -42.266  -46.430  -13.888 0.0000000000
70088  -42.414  -45.667  -14.210 0.0000000000
70089  -42.021  -45.854  -14.452 0.0000000000
70090  -42.622  -45.026  -14.514 0.0000000000
70091  -43.732  -43.188  -15.634 0.0000000000
70092  -42.997  -43.829  -15.236 0.0000000000
70093  -43.147  -43.316  -15.643 0.0000000000
70094  -42.650  -43.490  -15.765 0.0000000000
70095  -43.311  -42.841  -16.135 0.0000000000
70096  -46.236  -41.654  -18.273 0.0000000000
70097  -45.703  -41.903  -17.383 0.0000000000
70098  -45.767  -41.553  -18.102 0.0000000000
70099  -44.795  -41.141  -18.348 0.0000000000
70100  -44.735  -41.446  -17.712 0.0000000000
70101  -44.203  -41.538  -17.548 0.0000000000
70102  -43.593  -41.955  -17.077 0.0000000000
70103  -43.689  -41.558  -17.561 0.0000000000
70104  -43.207  -41.632  -17.602 0.0000000000
70105  -43.781  -41.200  -18.048 0.0000000000
70106  -44.369  -40.158  -19.679 0.0000000000
70107  -43.900  -40.519  -19.103 0.0000000000
70108  -43.930  -40.137  -19.557 0.0000000000
70109  -43.446  -40.162  -19.532 0.0000000000
70110  -43.914  -39.825  -20.107 0.0000000000
75419  -48.259  -59.014  -8.077 0.0000000000
90437  -42.650  -67.698  -5.715 0.0000000000
90438  -43.092  -67.283  -5.659 0.0000000000
90439  -43.098  -68.091  -5.774 0.0000000000
90476  -42.021  -77.609  -11.991 0.0000000000
90478  -41.705  -77.983  -12.499 0.0000000000
90480  -41.358  -77.654  -12.544 0.0000000000
90481  -41.180  -74.755  -10.330 0.0000000000
90482  -41.437  -75.454  -10.711 0.0000000000
90483  -41.031  -75.137  -10.745 0.0000000000
90484  -40.356  -75.367  -11.611 0.0000000000
90485  -40.675  -75.828  -11.629 0.0000000000
90486  -40.509  -76.091  -12.023 0.0000000000
90487  -40.653  -76.780  -12.467 0.0000000000
90488  -40.310  -76.265  -12.414 0.0000000000
90489  -40.145  -76.479  -12.768 0.0000000000
90490  -40.071  -75.721  -12.360 0.0000000000
90491  -39.908  -73.858  -12.158 0.0000000000
90492  -39.833  -74.614  -12.449 0.0000000000
90493  -39.917  -74.070  -12.591 0.0000000000
90494  -39.884  -74.310  -13.107 0.0000000000
90495  -40.065  -73.550  -12.804 0.0000000000
90496  -39.318  -67.337  -7.708 0.0000000000
90497  -39.516  -68.480  -8.116 0.0000000000
90498  -39.341  -67.940  -8.240 0.0000000000
90499  -39.297  -68.357  -9.383 0.0000000000
90500  -39.365  -68.911  -9.192 0.0000000000
90501  -39.422  -69.407  -9.629 0.0000000000
90502  -39.535  -70.365  -9.868 0.0000000000
90503  -39.472  -69.775  -10.062 0.0000000000
90504  -39.676  -65.833  -10.194 0.0000000000
90505  -39.486  -66.515  -9.983 0.0000000000
90506  -39.733  -66.929  -10.468 0.0000000000
90507  -39.855  -69.001  -11.375 0.0000000000
90508  -39.685  -68.863  -10.912 0.0000000000
90509  -39.704  -69.613  -11.162 0.0000000000
90510  -39.645  -70.261  -10.924 0.0000000000
90511  -39.747  -70.440  -11.343 0.0000000000
90512  -39.895  -71.337  -11.524 0.0000000000
90513  -39.984  -70.661  -11.818 0.0000000000
90515  -40.437  -71.286  -12.775 0.0000000000
90526  -41.324  -65.970  -13.833 0.0000000000
90665  -50.352  -55.388  -12.630 0.0000000000
90671  -50.269  -56.326  -11.734 0.0000000000
90672  -48.413  -56.180  -9.720 0.0000000000
90673  -49.010  -56.517  -10.124 0.0000000000
90674  -48.338  -56.658  -9.409 0.0000000000
90675  -48.220  -57.152  -9.075 0.0000000000
90676  -47.628  -56.882  -8.711 0.0000000000
90677  -46.886  -57.127  -8.138 0.0000000000
90678  -47.070  -56.627  -8.427 0.0000000000
90679  -45.905  -55.609  -8.150 0.0000000000
90680  -45.808  -56.144  -7.835 0.0000000000
90681  -45.158  -55.983  -7.618 0.0000000000
90682  -44.398  -56.409  -7.134 0.0000000000
90683  -44.450  -55.877  -7.438 0.0000000000
90684  -45.951  -53.617  -9.762 0.0000000000
90685  -45.955  -54.092  -9.282 0.0000000000
90686  -45.263  -53.913  -9.059 0.0000000000
90687  -43.075  -54.763  -8.166 0.0000000000
90688  -43.788  -54.737  -8.093 0.0000000000
90689  -43.073  -55.306  -7.765 0.0000000000
90690  -43.016  -55.826  -7.388 0.0000000000
90691  -42.334  -55.860  -7.535 0.0000000000
90692  -41.614  -56.544  -7.389 0.0000000000
90693  -41.675  -56.000  -7.774 0.0000000000
90694  -40.746  -55.932  -9.001 0.0000000000
90695  -40.708  -56.480  -8.618 0.0000000000
90696  -40.395  -56.806  -9.159 0.0000000000
90697  -40.189  -57.736  -9.367 0.0000000000
90698  -40.183  -57.168  -9.735 0.0000000000
90699  -46.932  -49.541  -13.513 0.0000000000
90700  -46.718  -50.270  -13.109 0.0000000000
90701  -46.230  -50.031  -12.819 0.0000000000
90702  -44.184  -50.550  -11.543 0.0000000000
90703  -44.718  -50.737  -11.651 0.0000000000
90704  -43.921  -51.181  -11.192 0.0000000000
90705  -43.683  -51.743  -10.767 0.0000000000
90706  -43.086  -51.668  -10.882 0.0000000000
90707  -42.188  -50.310  -12.209 0.0000000000
90708  -42.604  -50.261  -11.907 0.0000000000
90709  -41.866  -51.027  -11.954 0.0000000000
90710  -40.806  -53.195  -11.432 0.0000000000
90711  -41.355  -52.352  -11.306 0.0000000000
90712  -41.181  -52.998  -10.952 0.0000000000
90713  -41.654  -52.876  -10.551 0.0000000000
90714  -41.066  -53.623  -10.565 0.0000000000
90715  -40.963  -54.202  -10.204 0.0000000000
90716  -40.566  -54.471  -10.686 0.0000000000
90717  -39.998  -56.749  -11.823 0.0000000000
90718  -40.032  -56.391  -11.111 0.0000000000
90719  -40.005  -57.313  -11.453 0.0000000000
90720  -40.025  -57.911  -11.066 0.0000000000
90721  -40.098  -58.336  -11.751 0.0000000000
90722  -40.323  -59.331  -12.028 0.0000000000
90723  -40.239  -58.778  -12.471 0.0000000000
90724  -40.761  -58.843  -14.204 0.0000000000
90725  -40.768  -59.431  -13.769 0.0000000000
90726  -41.081  -59.764  -14.399 0.0000000000
90727  -41.481  -60.672  -14.530 0.0000000000
90728  -41.503  -59.979  -15.036 0.0000000000
90729  -41.120  -55.833  -15.612 0.0000000000
90730  -41.031  -56.638  -15.302 0.0000000000
90731  -41.367  -56.958  -15.935 0.0000000000
90733  -42.065  -58.802  -16.563 0.0000000000
90766  -41.340  -46.467  -15.098 0.0000000000
90767  -41.054  -47.529  -15.288 0.0000000000
90768  -41.048  -46.870  -15.427 0.0000000000
90769  -40.551  -46.907  -16.329 0.0000000000
90770  -40.646  -47.569  -16.220 0.0000000000
90771  -40.446  -47.910  -16.585 0.0000000000
90772  -40.512  -49.059  -16.985 0.0000000000
90773  -40.285  -48.369  -17.002 0.0000000000
90774  -40.658  -44.233  -17.384 0.0000000000
90775  -40.586  -44.874  -17.067 0.0000000000
90776  -40.246  -45.181  -17.428 0.0000000000
90777  -39.535  -47.929  -17.984 0.0000000000
90778  -39.782  -47.483  -17.537 0.0000000000
90779  -39.808  -48.716  -17.827 0.0000000000
90780  -40.047  -49.336  -17.797 0.0000000000
90781  -39.931  -49.725  -18.174 0.0000000000
90796  -39.483  -44.206  -20.228 0.0000000000
90827  -45.475  -39.445  -22.014 0.0000000000
90830  -44.650  -38.814  -22.119 0.0000000000
90831  -44.243  -38.796  -21.931 0.0000000000
90832  -43.912  -39.072  -21.221 0.0000000000
90833  -43.872  -38.737  -21.688 0.0000000000
90855  -43.133  -38.760  -21.497 0.0000000000
90856  -42.740  -38.852  -21.481 0.0000000000
90857  -42.346  -39.277  -21.267 0.0000000000
90858  -42.366  -38.872  -21.564 0.0000000000
93484  -47.003  -59.462  -7.033 0.0000000000
93485  -46.322  -59.802  -6.650 0.0000000000
93486  -46.374  -59.335  -6.804 0.0000000000
93487  -45.756  -59.187  -6.571 0.0000000000
93488  -45.125  -59.032  -6.320 0.0000000000
93489  -44.497  -58.948  -6.100 0.0000000000
93490  -45.198  -58.607  -6.518 0.0000000000
93491  -45.280  -58.194  -6.747 0.0000000000
93492  -45.386  -57.758  -6.975 0.0000000000
93501  -49.773  -42.260  -22.187 0.0000000000
93502  -49.450  -42.423  -21.176 0.0000000000
93503  -49.069  -42.470  -20.322 0.0000000000
93504  -49.032  -42.123  -20.970 0.0000000000
93505  -48.620  -41.866  -20.698 0.0000000000
93506  -48.264  -41.655  -20.495 0.0000000000
93507  -47.820  -41.565  -20.255 0.0000000000
93508  -48.191  -41.387  -21.109 0.0000000000
93509  -48.063  -41.206  -21.673 0.0000000000
97575  -40.561  -67.381  -6.247 0.0000000000
97576  -40.908  -67.824  -6.201 0.0000000000
97577  -40.612  -68.324  -6.568 0.0000000000
97578  -40.773  -69.298  -6.881 0.0000000000
97579  -41.030  -70.255  -7.240 0.0000000000
97580  -41.366  -71.105  -7.617 0.0000000000
97581  -40.924  -70.772  -7.698 0.0000000000
97582  -40.882  -71.287  -8.032 0.0000000000
97583  -40.805  -71.763  -8.418 0.0000000000
97584  -40.816  -72.266  -8.886 0.0000000000
97585  -40.499  -71.456  -8.511 0.0000000000
97586  -40.201  -70.954  -8.642 0.0000000000
97587  -39.924  -70.479  -8.779 0.0000000000
97588  -40.058  -61.599  -9.644 0.0000000000
97589  -40.062  -62.596  -9.991 0.0000000000
97590  -40.202  -62.044  -10.299 0.0000000000
97591  -40.409  -62.349  -10.906 0.0000000000
97592  -40.641  -62.783  -11.536 0.0000000000
97593  -40.800  -63.201  -12.196 0.0000000000
97594  -40.707  -62.269  -11.868 0.0000000000
97595  -40.751  -61.739  -12.161 0.0000000000
97596  -40.806  -61.278  -12.458 0.0000000000
97624  -47.985  -52.207  -13.063 0.0000000000
97625  -47.345  -52.379  -12.241 0.0000000000
97626  -47.443  -51.967  -12.755 0.0000000000
97627  -46.893  -51.678  -12.428 0.0000000000
97628  -46.320  -51.425  -12.212 0.0000000000
97629  -42.022  -48.000  -13.537 0.0000000000
97630  -41.905  -48.861  -13.447 0.0000000000
97631  -41.642  -49.046  -13.848 0.0000000000
97632  -41.410  -50.042  -14.351 0.0000000000
97633  -41.186  -51.132  -14.857 0.0000000000
97634  -41.080  -52.187  -15.257 0.0000000000
97635  -41.204  -51.338  -15.392 0.0000000000
97636  -41.268  -51.492  -15.949 0.0000000000
97642  -42.466  -41.005  -18.839 0.0000000000
97643  -41.840  -41.601  -18.459 0.0000000000
97644  -41.975  -41.137  -18.963 0.0000000000
97645  -41.569  -41.333  -19.150 0.0000000000
97646  -41.223  -41.548  -19.503 0.0000000000
97647  -40.888  -41.784  -19.791 0.0000000000
97648  -41.359  -41.063  -20.023 0.0000000000
97649  -41.482  -40.674  -20.484 0.0000000000
97650  -41.582  -40.249  -20.911 0.0000000000
99768  -39.045  -78.446  -13.702 0.0000000000
99769  -39.412  -77.677  -13.566 0.0000000000
99770  -39.631  -76.831  -13.388 0.0000000000
101894  -45.131  -63.034  -5.746 0.0000000000
101895  -43.682  -61.375  -5.536 0.0000000000
101896  -43.725  -61.848  -5.471 0.0000000000
101897  -43.054  -61.832  -5.338 0.0000000000
101898  -42.459  -62.382  -5.249 0.0000000000
101899  -41.937  -63.019  -5.212 0.0000000000
101900  -41.496  -63.709  -5.266 0.0000000000
101901  -41.393  -63.228  -5.280 0.0000000000
101902  -40.815  -63.591  -5.448 0.0000000000
101903  -40.316  -63.907  -5.701 0.0000000000
101904  -39.942  -64.322  -6.060 0.0000000000
101905  -40.248  -63.391  -5.768 0.0000000000
101906  -40.194  -62.900  -5.854 0.0000000000
101907  -40.179  -62.348  -5.917 0.0000000000
101908  -41.922  -59.037  -5.747 0.0000000000
101909  -41.252  -59.704  -5.736 0.0000000000
101910  -41.316  -59.217  -5.910 0.0000000000
101911  -40.805  -59.422  -6.199 0.0000000000
101912  -40.404  -59.714  -6.644 0.0000000000
101913  -40.075  -60.045  -7.172 0.0000000000
101914  -40.460  -59.254  -6.884 0.0000000000
101915  -40.522  -58.757  -7.200 0.0000000000
101916  -40.558  -58.256  -7.512 0.0000000000
101936  -50.916  -44.046  -21.227 0.0000000000
101938  -50.848  -44.596  -20.625 0.0000000000
101939  -50.736  -45.204  -20.031 0.0000000000
101940  -50.654  -45.924  -19.353 0.0000000000
101941  -50.537  -46.685  -18.710 0.0000000000
101942  -50.055  -46.294  -18.271 0.0000000000
101943  -49.452  -46.603  -17.332 0.0000000000
101944  -48.915  -46.882  -16.466 0.0000000000
101945  -48.346  -47.196  -15.609 0.0000000000
101946  -48.518  -46.470  -16.107 0.0000000000
101947  -48.114  -46.078  -15.771 0.0000000000
101948  -47.720  -45.706  -15.440 0.0000000000
101949  -47.151  -43.321  -16.747 0.0000000000
101950  -47.036  -43.861  -16.114 0.0000000000
101951  -46.580  -43.680  -15.877 0.0000000000
101952  -45.984  -44.051  -15.153 0.0000000000
101953  -45.291  -44.494  -14.531 0.0000000000
101954  -44.631  -44.968  -13.999 0.0000000000
101955  -44.795  -44.341  -14.499 0.0000000000
101956  -44.336  -44.231  -14.531 0.0000000000
101957  -43.877  -44.202  -14.629 0.0000000000
101958  -43.328  -44.248  -14.743 0.0000000000
101959  -44.110  -43.685  -15.053 0.0000000000
101960  -44.306  -43.175  -15.567 0.0000000000
101961  -44.490  -42.703  -16.066 0.0000000000
101962  -46.220  -41.014  -19.467 0.0000000000
101963  -45.800  -41.225  -18.708 0.0000000000
101964  -45.809  -40.972  -19.245 0.0000000000
101965  -45.315  -40.876  -19.045 0.0000000000
101966  -44.826  -40.840  -18.860 0.0000000000
101967  -44.333  -40.846  -18.657 0.0000000000
101968  -44.850  -40.527  -19.382 0.0000000000
101969  -44.867  -40.224  -19.879 0.0000000000
101970  -44.844  -39.851  -20.387 0.0000000000
114167  -42.800  -69.321  -6.064 0.0000000000
114168  -43.177  -68.866  -5.890 0.0000000000
114191  -42.308  -77.175  -11.457 0.0000000000
114192  -41.887  -76.905  -11.520 0.0000000000
114193  -40.447  -73.968  -10.439 0.0000000000
114194  -40.651  -74.726  -10.797 0.0000000000
114195  -40.332  -74.290  -10.838 0.0000000000
114196  -40.218  -74.633  -11.237 0.0000000000
114197  -40.101  -74.856  -11.612 0.0000000000
114198  -39.990  -74.988  -11.977 0.0000000000
114199  -39.938  -74.261  -11.646 0.0000000000
114200  -39.907  -73.651  -11.733 0.0000000000
114201  -39.961  -73.046  -11.915 0.0000000000
114202  -39.126  -66.186  -7.960 0.0000000000
114203  -39.205  -67.372  -8.368 0.0000000000
114204  -39.133  -66.741  -8.510 0.0000000000
114205  -39.199  -67.273  -9.070 0.0000000000
114206  -39.273  -67.765  -9.555 0.0000000000
114207  -40.286  -66.691  -11.198 0.0000000000
114208  -39.997  -67.311  -10.941 0.0000000000
114209  -40.208  -67.619  -11.336 0.0000000000
114210  -40.113  -68.372  -11.570 0.0000000000
114211  -40.096  -69.173  -11.853 0.0000000000
114212  -40.128  -69.998  -12.115 0.0000000000
114213  -40.336  -69.415  -12.378 0.0000000000
114214  -40.592  -69.731  -12.926 0.0000000000
114220  -41.636  -64.911  -14.610 0.0000000000
114302  -49.778  -54.022  -13.245 0.0000000000
114304  -49.752  -54.488  -12.727 0.0000000000
114305  -49.748  -54.924  -12.203 0.0000000000
114306  -49.703  -55.419  -11.730 0.0000000000
114307  -49.673  -55.926  -11.303 0.0000000000
114308  -49.064  -55.566  -10.863 0.0000000000
114309  -48.440  -55.666  -10.042 0.0000000000
114310  -47.815  -55.850  -9.321 0.0000000000
114311  -47.157  -56.082  -8.685 0.0000000000
114312  -47.212  -55.570  -9.037 0.0000000000
114313  -46.622  -55.307  -8.733 0.0000000000
114314  -45.929  -55.090  -8.500 0.0000000000
114315  -44.590  -53.314  -9.400 0.0000000000
114316  -44.542  -53.794  -8.940 0.0000000000
114317  -43.853  -53.738  -8.925 0.0000000000
114318  -43.128  -54.220  -8.549 0.0000000000
114319  -42.416  -54.829  -8.297 0.0000000000
114320  -41.716  -55.469  -8.163 0.0000000000
114321  -41.755  -54.929  -8.553 0.0000000000
114322  -41.202  -55.132  -8.930 0.0000000000
114323  -40.796  -55.360  -9.415 0.0000000000
114324  -46.020  -48.873  -12.972 0.0000000000
114325  -45.774  -49.638  -12.563 0.0000000000
114326  -45.298  -49.306  -12.352 0.0000000000
114327  -44.463  -49.829  -11.870 0.0000000000
114328  -43.644  -50.397  -11.606 0.0000000000
114329  -40.983  -52.025  -12.608 0.0000000000
114330  -41.240  -51.856  -12.114 0.0000000000
114331  -40.737  -52.696  -12.322 0.0000000000
114332  -40.582  -53.449  -11.976 0.0000000000
114333  -40.445  -54.175  -11.565 0.0000000000
114334  -40.352  -54.827  -11.232 0.0000000000
114335  -40.223  -55.094  -11.884 0.0000000000
114336  -40.076  -56.144  -12.193 0.0000000000
114337  -40.059  -57.119  -12.577 0.0000000000
114338  -40.208  -58.178  -12.873 0.0000000000
114339  -40.222  -57.582  -13.243 0.0000000000
114340  -40.446  -57.871  -13.904 0.0000000000
114341  -40.843  -58.212  -14.589 0.0000000000
114342  -41.713  -56.249  -16.916 0.0000000000
114343  -41.704  -57.056  -16.646 0.0000000000
114364  -41.494  -45.156  -15.527 0.0000000000
114365  -41.096  -46.175  -15.632 0.0000000000
114366  -41.158  -45.467  -15.852 0.0000000000
114367  -40.847  -45.889  -16.191 0.0000000000
114368  -40.508  -46.213  -16.491 0.0000000000
114369  -39.934  -44.961  -18.018 0.0000000000
114370  -39.900  -45.657  -17.695 0.0000000000
114371  -39.586  -46.012  -18.008 0.0000000000
114372  -39.373  -47.165  -18.152 0.0000000000
114373  -39.423  -48.398  -18.300 0.0000000000
114374  -39.567  -49.475  -18.647 0.0000000000
114375  -39.309  -48.751  -18.720 0.0000000000
118290  -46.172  -61.386  -6.304 0.0000000000
118291  -45.571  -61.174  -6.195 0.0000000000
118292  -44.991  -61.013  -6.046 0.0000000000
118293  -45.657  -60.124  -6.345 0.0000000000
118294  -45.037  -60.508  -6.089 0.0000000000
118295  -44.336  -60.909  -5.809 0.0000000000
118296  -43.632  -60.894  -5.590 0.0000000000
118297  -42.997  -60.888  -5.389 0.0000000000
118298  -42.356  -60.946  -5.269 0.0000000000
118299  -41.756  -61.029  -5.285 0.0000000000
118300  -42.406  -60.404  -5.329 0.0000000000
118301  -42.423  -59.935  -5.435 0.0000000000
118302  -42.488  -59.432  -5.545 0.0000000000
118303  -43.828  -58.895  -5.887 0.0000000000
118304  -43.211  -58.887  -5.750 0.0000000000
118305  -42.585  -58.941  -5.695 0.0000000000
118306  -42.641  -58.474  -5.873 0.0000000000
118307  -42.693  -57.996  -6.100 0.0000000000
118308  -42.794  -57.492  -6.353 0.0000000000
118327  -50.840  -43.528  -21.841 0.0000000000
118328  -50.481  -43.641  -20.825 0.0000000000
118329  -49.979  -43.890  -19.921 0.0000000000
118330  -49.449  -44.193  -18.861 0.0000000000
118331  -48.873  -44.403  -17.861 0.0000000000
118332  -48.958  -43.804  -18.553 0.0000000000
118333  -48.506  -43.509  -18.254 0.0000000000
118334  -48.081  -43.262  -17.943 0.0000000000
118335  -48.607  -42.658  -19.442 0.0000000000
118336  -48.106  -42.841  -18.624 0.0000000000
118337  -47.636  -43.080  -17.639 0.0000000000
118338  -47.225  -42.844  -17.425 0.0000000000
118339  -46.841  -42.588  -17.291 0.0000000000
118340  -46.440  -42.444  -17.116 0.0000000000
118341  -46.018  -42.316  -16.948 0.0000000000
118342  -46.575  -42.051  -17.800 0.0000000000
118343  -46.647  -41.706  -18.446 0.0000000000
118344  -46.679  -41.445  -19.096 0.0000000000
118345  -47.447  -41.475  -20.109 0.0000000000
118346  -47.068  -41.328  -19.996 0.0000000000
118347  -46.650  -41.189  -19.755 0.0000000000
118348  -46.609  -40.936  -20.358 0.0000000000
118349  -46.509  -40.648  -20.888 0.0000000000
118350  -46.426  -40.373  -21.405 0.0000000000
127833  -42.518  -65.686  -5.385 0.0000000000
127834  -42.849  -66.168  -5.501 0.0000000000
127835  -42.362  -66.442  -5.504 0.0000000000
127836  -42.198  -67.287  -5.650 0.0000000000
127837  -42.191  -68.183  -5.855 0.0000000000
127838  -41.308  -68.242  -6.143 0.0000000000
127839  -41.804  -68.687  -6.109 0.0000000000
127840  -42.305  -69.026  -6.092 0.0000000000
127841  -42.549  -69.802  -6.305 0.0000000000
127842  -42.768  -70.464  -6.604 0.0000000000
127845  -42.914  -71.795  -7.326 0.0000000000
127846  -42.781  -72.341  -7.828 0.0000000000
127847  -42.702  -72.807  -8.276 0.0000000000
127848  -41.771  -71.896  -7.989 0.0000000000
127849  -42.215  -72.644  -8.341 0.0000000000
127850  -42.679  -73.283  -8.654 0.0000000000
127851  -42.605  -73.734  -9.019 0.0000000000
127852  -42.380  -74.142  -9.402 0.0000000000
127853  -42.200  -74.649  -9.816 0.0000000000
127854  -42.023  -75.199  -10.250 0.0000000000
127855  -41.785  -74.492  -9.886 0.0000000000
127856  -41.381  -74.271  -9.953 0.0000000000
127857  -40.950  -73.990  -9.993 0.0000000000
127858  -40.791  -72.705  -9.314 0.0000000000
127859  -40.722  -73.157  -9.700 0.0000000000
127860  -40.567  -73.601  -10.049 0.0000000000
127861  -40.237  -73.130  -10.113 0.0000000000
127862  -40.007  -72.621  -10.181 0.0000000000
127863  -39.830  -72.080  -10.300 0.0000000000
127864  -39.352  -63.989  -8.707 0.0000000000
127865  -39.258  -65.034  -9.084 0.0000000000
127866  -39.422  -64.410  -9.262 0.0000000000
127867  -39.617  -64.805  -9.845 0.0000000000
127868  -39.904  -65.221  -10.402 0.0000000000
127869  -40.077  -63.548  -10.286 0.0000000000
127870  -40.151  -64.584  -10.642 0.0000000000
127871  -40.260  -65.634  -10.960 0.0000000000
127872  -40.590  -66.044  -11.448 0.0000000000
127877  -41.152  -65.651  -13.265 0.0000000000
127878  -41.237  -65.068  -13.661 0.0000000000
127879  -40.916  -63.728  -12.793 0.0000000000
127880  -41.115  -64.166  -13.421 0.0000000000
127881  -41.379  -64.493  -14.047 0.0000000000
127882  -41.564  -63.918  -14.374 0.0000000000
127883  -41.790  -63.303  -14.679 0.0000000000
127884  -42.029  -62.597  -14.973 0.0000000000
127945  -49.836  -53.530  -13.756 0.0000000000
127946  -49.102  -53.610  -12.848 0.0000000000
127947  -48.479  -53.693  -11.967 0.0000000000
127948  -47.850  -53.820  -11.118 0.0000000000
127949  -47.233  -54.000  -10.321 0.0000000000
127950  -47.222  -53.579  -10.798 0.0000000000
127951  -46.579  -53.354  -10.529 0.0000000000
127952  -45.927  -53.153  -10.183 0.0000000000
127953  -46.670  -52.554  -11.437 0.0000000000
127954  -45.995  -52.731  -10.645 0.0000000000
127955  -45.347  -52.986  -9.999 0.0000000000
127956  -44.681  -52.859  -9.856 0.0000000000
127957  -44.032  -52.764  -9.821 0.0000000000
127958  -43.373  -52.735  -9.866 0.0000000000
127959  -43.966  -47.938  -12.513 0.0000000000
127960  -43.683  -48.755  -12.228 0.0000000000
127961  -43.164  -48.675  -12.360 0.0000000000
127962  -42.464  -49.508  -12.446 0.0000000000
127963  -41.805  -50.423  -12.658 0.0000000000
127964  -41.775  -49.736  -13.321 0.0000000000
127965  -41.551  -50.549  -13.147 0.0000000000
127966  -41.257  -51.309  -12.877 0.0000000000
127967  -40.812  -52.244  -13.154 0.0000000000
127968  -40.601  -53.262  -13.526 0.0000000000
127969  -40.566  -54.368  -13.881 0.0000000000
127970  -40.644  -55.422  -14.242 0.0000000000
127971  -40.733  -54.600  -14.533 0.0000000000
127972  -40.969  -54.865  -15.221 0.0000000000
127973  -41.173  -55.074  -15.878 0.0000000000
127974  -41.089  -53.276  -15.674 0.0000000000
127975  -41.206  -54.295  -16.121 0.0000000000
127976  -41.448  -55.263  -16.542 0.0000000000
127990  -41.992  -42.830  -16.975 0.0000000000
127991  -41.440  -43.636  -16.851 0.0000000000
127992  -41.551  -43.065  -17.224 0.0000000000
127993  -41.129  -43.350  -17.486 0.0000000000
127994  -40.754  -43.646  -17.729 0.0000000000
127995  -41.340  -42.278  -18.275 0.0000000000
127996  -40.821  -43.051  -18.127 0.0000000000
127997  -40.361  -43.909  -18.052 0.0000000000
127998  -40.021  -44.307  -18.385 0.0000000000
127999  -39.669  -44.607  -18.699 0.0000000000
128000  -39.409  -45.087  -19.017 0.0000000000
128001  -39.160  -45.499  -19.343 0.0000000000
128002  -39.537  -44.379  -19.433 0.0000000000
128003  -39.709  -43.749  -19.893 0.0000000000
128004  -39.921  -43.184  -20.358 0.0000000000
128005  -40.633  -42.096  -20.147 0.0000000000
128006  -40.386  -42.322  -20.559 0.0000000000
137029  -43.953  -64.764  -5.470 0.0000000000
137030  -43.342  -64.857  -5.401 0.0000000000
137031  -45.611  -62.259  -5.971 0.0000000000
137032  -45.057  -62.581  -5.827 0.0000000000
137033  -44.525  -62.881  -5.624 0.0000000000
137034  -43.782  -62.306  -5.402 0.0000000000
137035  -43.872  -62.736  -5.432 0.0000000000
137036  -43.983  -63.291  -5.438 0.0000000000
137037  -43.489  -63.802  -5.342 0.0000000000
137038  -43.093  -64.352  -5.323 0.0000000000
137039  -42.749  -64.992  -5.363 0.0000000000
137040  -42.203  -65.260  -5.348 0.0000000000
137041  -41.622  -65.542  -5.481 0.0000000000
137042  -41.069  -65.979  -5.695 0.0000000000
137043  -41.105  -64.584  -5.450 0.0000000000
137044  -40.817  -65.507  -5.698 0.0000000000
137045  -40.631  -66.432  -5.958 0.0000000000
137046  -40.284  -66.872  -6.258 0.0000000000
137047  -40.047  -67.372  -6.613 0.0000000000
137048  -39.804  -67.872  -7.078 0.0000000000
137049  -39.706  -68.465  -7.588 0.0000000000
137050  -39.599  -67.416  -7.200 0.0000000000
137051  -39.416  -66.843  -7.272 0.0000000000
137052  -39.271  -66.230  -7.356 0.0000000000
137053  -39.612  -64.731  -6.440 0.0000000000
137054  -39.356  -65.172  -6.960 0.0000000000
137055  -39.206  -65.661  -7.470 0.0000000000
137056  -39.169  -65.118  -7.580 0.0000000000
137057  -39.160  -64.608  -7.725 0.0000000000
137058  -39.202  -64.084  -7.923 0.0000000000
137059  -41.160  -61.241  -5.463 0.0000000000
137060  -40.614  -61.492  -5.701 0.0000000000
137061  -40.185  -61.788  -6.023 0.0000000000
137062  -40.701  -60.394  -5.839 0.0000000000
137063  -40.220  -61.229  -6.134 0.0000000000
137064  -39.797  -62.197  -6.469 0.0000000000
137065  -39.555  -62.626  -6.966 0.0000000000
137066  -39.394  -63.043  -7.523 0.0000000000
137067  -39.340  -63.529  -8.108 0.0000000000
137068  -39.458  -62.988  -8.297 0.0000000000
137069  -39.587  -62.401  -8.502 0.0000000000
137070  -39.753  -61.721  -8.741 0.0000000000
137071  -39.860  -60.377  -7.742 0.0000000000
137072  -39.793  -60.801  -8.372 0.0000000000
137073  -39.901  -61.184  -9.026 0.0000000000
137074  -40.030  -60.703  -9.324 0.0000000000
137075  -40.146  -60.125  -9.629 0.0000000000
137076  -40.174  -59.660  -9.963 0.0000000000
137132  -49.764  -48.990  -16.381 0.0000000000
137133  -49.096  -49.425  -15.588 0.0000000000
137134  -48.552  -49.780  -14.889 0.0000000000
137135  -47.915  -50.173  -14.179 0.0000000000
137136  -48.036  -49.457  -14.531 0.0000000000
137137  -47.564  -49.092  -14.204 0.0000000000
137138  -47.104  -48.788  -13.847 0.0000000000
137139  -47.818  -47.667  -14.807 0.0000000000
137140  -47.235  -48.007  -14.142 0.0000000000
137141  -46.686  -48.445  -13.536 0.0000000000
137142  -46.236  -48.096  -13.262 0.0000000000
137143  -45.765  -47.835  -12.998 0.0000000000
137144  -45.236  -47.564  -12.887 0.0000000000
137145  -48.344  -44.737  -16.829 0.0000000000
137146  -47.834  -45.012  -15.997 0.0000000000
137147  -47.287  -45.360  -15.174 0.0000000000
137148  -46.941  -44.438  -15.548 0.0000000000
137149  -46.792  -45.106  -14.958 0.0000000000
137150  -46.631  -45.842  -14.421 0.0000000000
137151  -46.024  -46.299  -13.735 0.0000000000
137152  -45.425  -46.839  -13.187 0.0000000000
137153  -44.699  -47.361  -12.818 0.0000000000
137154  -44.142  -47.189  -12.800 0.0000000000
137155  -43.587  -47.074  -12.923 0.0000000000
137156  -43.032  -47.078  -13.086 0.0000000000
137157  -43.973  -45.627  -13.578 0.0000000000
137158  -43.234  -46.308  -13.392 0.0000000000
137159  -42.557  -47.083  -13.356 0.0000000000
137160  -42.137  -47.186  -13.686 0.0000000000
137161  -41.761  -47.305  -13.999 0.0000000000
137162  -41.509  -47.529  -14.421 0.0000000000
137163  -41.252  -47.867  -14.817 0.0000000000
137164  -41.571  -46.788  -14.536 0.0000000000
137165  -41.661  -46.133  -14.752 0.0000000000
137166  -41.785  -45.454  -14.992 0.0000000000
137167  -42.815  -44.402  -14.862 0.0000000000
137168  -42.344  -44.609  -15.049 0.0000000000
137169  -41.923  -44.847  -15.265 0.0000000000
137170  -42.046  -44.284  -15.609 0.0000000000
137171  -42.150  -43.718  -15.990 0.0000000000
137172  -42.291  -43.206  -16.354 0.0000000000
137173  -45.652  -42.319  -16.742 0.0000000000
137174  -45.130  -42.252  -16.661 0.0000000000
137175  -44.566  -42.204  -16.653 0.0000000000
137176  -45.240  -41.471  -17.891 0.0000000000
137177  -44.688  -41.835  -17.134 0.0000000000
137178  -44.038  -42.291  -16.611 0.0000000000
137179  -43.475  -42.396  -16.605 0.0000000000
137180  -42.950  -42.526  -16.634 0.0000000000
137181  -42.451  -42.661  -16.774 0.0000000000
137182  -42.588  -42.229  -17.206 0.0000000000
137183  -42.702  -41.789  -17.682 0.0000000000
137184  -42.808  -41.322  -18.269 0.0000000000
137185  -43.839  -40.875  -18.581 0.0000000000
137186  -43.370  -40.906  -18.578 0.0000000000
137187  -42.904  -40.947  -18.637 0.0000000000
137188  -42.970  -40.522  -19.100 0.0000000000
137189  -43.022  -40.166  -19.562 0.0000000000
137190  -43.055  -39.823  -20.050 0.0000000000
143693  -47.380  -60.732  -6.759 0.0000000000
143694  -47.461  -60.213  -6.969 0.0000000000
143696  -48.121  -59.904  -7.411 0.0000000000
143697  -47.566  -59.686  -7.243 0.0000000000
143698  -47.660  -59.173  -7.522 0.0000000000
143699  -47.715  -58.790  -7.803 0.0000000000
143700  -47.757  -58.434  -8.100 0.0000000000
161773  -43.189  -66.565  -5.567 0.0000000000
161826  -40.720  -78.161  -13.279 0.0000000000
161827  -41.870  -75.690  -10.679 0.0000000000
161828  -41.690  -76.188  -11.119 0.0000000000
161829  -41.453  -76.588  -11.577 0.0000000000
161830  -40.855  -75.471  -11.180 0.0000000000
161831  -41.024  -76.224  -11.618 0.0000000000
161832  -41.216  -76.970  -12.113 0.0000000000
161833  -41.009  -77.251  -12.534 0.0000000000
161834  -40.755  -77.489  -12.898 0.0000000000
161835  -40.440  -77.702  -13.215 0.0000000000
161836  -40.195  -77.185  -13.136 0.0000000000
161837  -39.934  -76.627  -13.096 0.0000000000
161838  -39.761  -76.085  -13.108 0.0000000000
161839  -39.912  -75.181  -12.349 0.0000000000
161840  -39.819  -75.378  -12.774 0.0000000000
161841  -39.684  -75.564  -13.178 0.0000000000
161842  -39.739  -75.055  -13.379 0.0000000000
161843  -39.864  -74.584  -13.607 0.0000000000
161845  -39.708  -68.970  -7.997 0.0000000000
161846  -39.733  -69.511  -8.476 0.0000000000
161847  -39.688  -69.984  -8.913 0.0000000000
161848  -39.343  -68.429  -8.745 0.0000000000
161849  -39.484  -69.426  -9.005 0.0000000000
161850  -39.688  -70.448  -9.284 0.0000000000
161851  -39.688  -70.929  -9.700 0.0000000000
161852  -39.667  -71.249  -10.086 0.0000000000
161853  -39.704  -71.512  -10.457 0.0000000000
161854  -39.269  -66.047  -9.467 0.0000000000
161855  -39.354  -67.160  -9.769 0.0000000000
161856  -39.437  -68.231  -10.042 0.0000000000
161857  -39.749  -67.914  -10.711 0.0000000000
161858  -39.542  -68.548  -10.498 0.0000000000
161859  -39.474  -69.170  -10.271 0.0000000000
161860  -39.498  -70.070  -10.494 0.0000000000
161861  -39.649  -70.910  -10.676 0.0000000000
161862  -39.727  -71.750  -10.865 0.0000000000
161863  -39.851  -71.996  -11.264 0.0000000000
161864  -39.957  -72.227  -11.735 0.0000000000
161865  -40.098  -72.443  -12.190 0.0000000000
161866  -40.208  -70.915  -12.289 0.0000000000
161867  -40.265  -71.854  -12.452 0.0000000000
161868  -40.177  -72.740  -12.648 0.0000000000
161869  -40.250  -73.069  -13.114 0.0000000000
161978  -48.483  -58.243  -8.802 0.0000000000
161979  -47.924  -58.044  -8.486 0.0000000000
162055  -49.655  -56.394  -10.921 0.0000000000
162056  -49.605  -56.863  -10.534 0.0000000000
162057  -49.492  -57.305  -10.167 0.0000000000
162058  -48.774  -57.430  -9.414 0.0000000000
162059  -48.077  -57.621  -8.769 0.0000000000
162060  -47.331  -57.826  -8.153 0.0000000000
162061  -46.759  -57.625  -7.858 0.0000000000
162062  -46.145  -57.430  -7.595 0.0000000000
162063  -45.560  -57.228  -7.295 0.0000000000
162064  -46.460  -56.377  -8.091 0.0000000000
162065  -45.714  -56.685  -7.559 0.0000000000
162066  -44.957  -57.073  -7.048 0.0000000000
162067  -44.327  -56.959  -6.831 0.0000000000
162068  -43.583  -56.914  -6.650 0.0000000000
162069  -42.874  -56.947  -6.659 0.0000000000
162070  -46.600  -54.301  -9.541 0.0000000000
162071  -45.960  -54.594  -8.872 0.0000000000
162072  -45.238  -54.923  -8.313 0.0000000000
162073  -44.507  -54.282  -8.510 0.0000000000
162074  -44.515  -54.786  -8.137 0.0000000000
162075  -44.509  -55.326  -7.800 0.0000000000
162076  -43.708  -55.837  -7.351 0.0000000000
162077  -42.961  -56.391  -7.033 0.0000000000
162078  -42.205  -57.015  -6.820 0.0000000000
162079  -41.603  -57.111  -7.047 0.0000000000
162080  -41.034  -57.338  -7.395 0.0000000000
162081  -40.622  -57.626  -7.844 0.0000000000
162082  -41.116  -56.218  -8.148 0.0000000000
162083  -40.681  -57.031  -8.227 0.0000000000
162084  -40.320  -57.981  -8.400 0.0000000000
162085  -40.206  -58.341  -9.013 0.0000000000
162086  -40.157  -58.723  -9.623 0.0000000000
162087  -40.156  -59.083  -10.311 0.0000000000
162088  -47.240  -50.547  -13.428 0.0000000000
162089  -46.532  -50.898  -12.683 0.0000000000
162090  -45.792  -51.215  -11.981 0.0000000000
162091  -45.500  -50.322  -12.203 0.0000000000
162092  -45.270  -50.987  -11.753 0.0000000000
162093  -45.108  -51.520  -11.289 0.0000000000
162094  -44.330  -51.837  -10.720 0.0000000000
162095  -43.542  -52.239  -10.316 0.0000000000
162096  -42.739  -52.734  -10.001 0.0000000000
162097  -43.424  -49.509  -11.980 0.0000000000
162098  -43.119  -50.292  -11.705 0.0000000000
162099  -42.815  -50.989  -11.380 0.0000000000
162100  -41.578  -51.682  -11.650 0.0000000000
162101  -41.999  -51.609  -11.301 0.0000000000
162102  -42.518  -51.638  -11.035 0.0000000000
162103  -42.313  -52.205  -10.632 0.0000000000
162104  -42.164  -52.773  -10.235 0.0000000000
162105  -42.000  -53.310  -9.789 0.0000000000
162106  -41.394  -53.997  -9.748 0.0000000000
162107  -40.871  -54.779  -9.830 0.0000000000
162108  -40.450  -55.684  -9.912 0.0000000000
162109  -40.251  -55.420  -10.896 0.0000000000
162110  -40.179  -56.002  -10.520 0.0000000000
162111  -40.169  -56.575  -10.112 0.0000000000
162112  -40.060  -57.516  -10.400 0.0000000000
162113  -40.091  -58.475  -10.663 0.0000000000
162114  -40.178  -59.421  -10.967 0.0000000000
162115  -40.384  -59.902  -11.627 0.0000000000
162116  -40.610  -60.306  -12.195 0.0000000000
162117  -40.831  -60.683  -12.870 0.0000000000
162118  -40.489  -59.131  -13.125 0.0000000000
162119  -40.814  -60.053  -13.316 0.0000000000
162120  -41.087  -61.081  -13.479 0.0000000000
162121  -41.413  -61.331  -14.082 0.0000000000
162122  -41.810  -61.540  -14.691 0.0000000000
162123  -42.252  -61.804  -15.347 0.0000000000
162124  -40.732  -56.435  -14.621 0.0000000000
162125  -40.925  -57.444  -14.963 0.0000000000
162126  -41.188  -58.454  -15.240 0.0000000000
162127  -41.665  -57.892  -16.306 0.0000000000
162128  -41.595  -58.666  -15.883 0.0000000000
162129  -41.556  -59.297  -15.507 0.0000000000
162130  -41.988  -60.166  -15.639 0.0000000000
162169  -41.114  -48.230  -15.261 0.0000000000
162170  -41.017  -48.566  -15.716 0.0000000000
162171  -40.915  -48.941  -16.152 0.0000000000
162172  -40.866  -47.200  -15.823 0.0000000000
162173  -40.777  -48.275  -16.163 0.0000000000
162178  -40.961  -44.522  -16.776 0.0000000000
162179  -40.546  -45.533  -16.777 0.0000000000
162180  -40.221  -46.590  -16.863 0.0000000000
162181  -39.912  -46.350  -17.409 0.0000000000
162182  -39.989  -47.066  -17.176 0.0000000000
162183  -40.118  -47.696  -17.057 0.0000000000
162184  -40.158  -48.846  -17.380 0.0000000000
162185  -40.297  -49.988  -17.827 0.0000000000
162240  -45.926  -39.947  -21.703 0.0000000000
162241  -45.562  -39.791  -21.442 0.0000000000
162242  -45.169  -39.611  -21.172 0.0000000000
162243  -44.777  -39.493  -20.960 0.0000000000
162244  -45.000  -38.825  -22.349 0.0000000000
162245  -44.699  -39.175  -21.568 0.0000000000
162246  -44.350  -39.441  -20.789 0.0000000000
162247  -43.907  -39.458  -20.648 0.0000000000
162248  -43.535  -39.443  -20.622 0.0000000000
162249  -43.099  -39.516  -20.535 0.0000000000
162273  -43.850  -38.408  -22.152 0.0000000000
162274  -43.493  -38.766  -21.562 0.0000000000
162275  -43.102  -39.178  -21.083 0.0000000000
162276  -42.655  -39.513  -20.704 0.0000000000
162277  -42.328  -39.646  -20.840 0.0000000000
162278  -41.961  -39.722  -21.086 0.0000000000
162279  -41.601  -39.850  -21.303 0.0000000000
