#!ascii label  , from subject fsaverage vox2ras=TkReg coords=white
1170
351  40.514  -63.706  -11.930 0.0000000000
352  42.038  -50.493  -12.045 0.0000000000
632  47.037  -39.414  -19.096 0.0000000000
1407  46.084  -57.702  -9.177 0.0000000000
1408  49.608  -58.400  -7.895 0.0000000000
1413  50.560  -49.721  -15.883 0.0000000000
1414  41.083  -49.567  -15.428 0.0000000000
1415  44.472  -44.644  -14.394 0.0000000000
1416  42.479  -43.132  -16.783 0.0000000000
1417  44.791  -36.970  -19.058 0.0000000000
1418  40.661  -41.799  -19.158 0.0000000000
1783  42.656  -57.048  -9.747 0.0000000000
1784  45.312  -52.339  -11.965 0.0000000000
1785  40.505  -57.024  -11.642 0.0000000000
1786  40.518  -56.306  -15.622 0.0000000000
2530  47.222  -46.771  -14.406 0.0000000000
2531  49.182  -41.792  -19.032 0.0000000000
2533  49.515  -33.527  -23.400 0.0000000000
3328  49.438  -56.303  -11.187 0.0000000000
3335  41.579  -46.416  -16.036 0.0000000000
3336  41.313  -45.680  -17.943 0.0000000000
3337  41.511  -42.451  -18.147 0.0000000000
3929  41.947  -63.765  -11.487 0.0000000000
3930  42.334  -60.411  -10.015 0.0000000000
3931  40.877  -60.277  -10.456 0.0000000000
3932  41.290  -57.096  -10.287 0.0000000000
3933  39.972  -60.252  -11.622 0.0000000000
3935  40.167  -59.813  -15.538 0.0000000000
5679  43.605  -51.251  -11.513 0.0000000000
5680  46.240  -49.679  -13.134 0.0000000000
5681  44.677  -48.379  -12.541 0.0000000000
5682  45.862  -41.990  -16.673 0.0000000000
5683  47.009  -43.118  -16.337 0.0000000000
5688  48.194  -36.675  -21.502 0.0000000000
5689  43.749  -36.453  -19.354 0.0000000000
6104  39.741  -63.406  -13.044 0.0000000000
7139  45.098  -60.282  -8.725 0.0000000000
7140  46.169  -60.136  -7.475 0.0000000000
7141  47.829  -57.737  -8.686 0.0000000000
7142  51.558  -57.101  -10.460 0.0000000000
7151  51.318  -47.115  -17.272 0.0000000000
7152  41.200  -49.999  -13.513 0.0000000000
7153  43.128  -47.415  -12.924 0.0000000000
7154  42.043  -46.949  -14.167 0.0000000000
7155  43.370  -43.828  -15.448 0.0000000000
7156  44.691  -40.829  -17.121 0.0000000000
7157  45.893  -38.153  -18.983 0.0000000000
7158  43.525  -40.068  -17.928 0.0000000000
7159  42.485  -39.174  -18.689 0.0000000000
7160  41.477  -38.697  -19.593 0.0000000000
7998  44.295  -57.568  -9.609 0.0000000000
7999  45.501  -55.339  -11.081 0.0000000000
8001  44.053  -54.672  -10.671 0.0000000000
8002  42.485  -54.213  -10.692 0.0000000000
8003  41.078  -53.701  -11.634 0.0000000000
8004  39.768  -59.920  -13.350 0.0000000000
8005  40.162  -56.671  -13.506 0.0000000000
8006  40.616  -53.325  -13.447 0.0000000000
8007  40.668  -52.804  -15.383 0.0000000000
10120  47.201  -60.334  -6.409 0.0000000000
10144  47.905  -51.026  -13.942 0.0000000000
10145  48.789  -48.169  -15.073 0.0000000000
10146  49.649  -45.453  -16.555 0.0000000000
10147  45.750  -45.625  -14.002 0.0000000000
10148  48.221  -44.099  -16.219 0.0000000000
10149  50.309  -42.967  -18.953 0.0000000000
10156  47.266  -35.032  -20.951 0.0000000000
11607  41.253  -65.395  -12.572 0.0000000000
11608  42.035  -65.472  -12.444 0.0000000000
11609  41.157  -63.815  -11.643 0.0000000000
11610  41.237  -62.067  -10.893 0.0000000000
11611  40.592  -61.992  -11.159 0.0000000000
11612  40.304  -60.306  -11.015 0.0000000000
11613  40.129  -61.958  -11.715 0.0000000000
13359  42.722  -50.849  -11.575 0.0000000000
13360  44.123  -49.764  -12.070 0.0000000000
13361  43.324  -49.295  -12.086 0.0000000000
13362  46.513  -40.774  -17.691 0.0000000000
13363  47.001  -41.446  -17.660 0.0000000000
13364  47.617  -40.199  -18.998 0.0000000000
13366  48.187  -38.874  -20.508 0.0000000000
13368  47.568  -38.058  -20.417 0.0000000000
13369  43.184  -35.937  -19.870 0.0000000000
15737  45.410  -58.945  -8.691 0.0000000000
15738  46.137  -58.855  -8.315 0.0000000000
15739  46.892  -57.633  -8.986 0.0000000000
15740  51.204  -56.256  -12.450 0.0000000000
15741  50.539  -56.508  -10.915 0.0000000000
15742  52.357  -56.528  -12.030 0.0000000000
15754  51.508  -50.538  -16.377 0.0000000000
15756  51.823  -49.232  -17.051 0.0000000000
15757  52.163  -47.914  -17.803 0.0000000000
15758  50.976  -48.430  -16.482 0.0000000000
15759  41.100  -49.828  -14.418 0.0000000000
15760  41.573  -48.372  -13.797 0.0000000000
15761  41.365  -48.161  -14.728 0.0000000000
15762  42.103  -44.554  -16.431 0.0000000000
15763  42.331  -45.083  -15.464 0.0000000000
15764  42.874  -43.391  -16.149 0.0000000000
15765  44.055  -42.270  -16.312 0.0000000000
15766  43.491  -41.904  -16.758 0.0000000000
15767  44.057  -40.442  -17.362 0.0000000000
15768  42.900  -41.608  -17.205 0.0000000000
15769  41.109  -42.002  -18.704 0.0000000000
15770  41.860  -40.828  -18.349 0.0000000000
15771  41.399  -40.337  -18.818 0.0000000000
15772  41.968  -38.958  -19.128 0.0000000000
15773  41.024  -40.208  -19.291 0.0000000000
17547  42.220  -58.756  -9.604 0.0000000000
17548  43.024  -58.797  -9.454 0.0000000000
17549  43.429  -57.385  -9.631 0.0000000000
17550  44.858  -56.374  -10.262 0.0000000000
17551  44.108  -56.049  -10.184 0.0000000000
17552  44.799  -55.035  -10.880 0.0000000000
17553  43.292  -55.870  -10.085 0.0000000000
17554  40.789  -57.092  -10.880 0.0000000000
17555  41.834  -55.664  -10.405 0.0000000000
17556  41.289  -55.577  -10.913 0.0000000000
17557  41.727  -53.993  -11.025 0.0000000000
17558  40.823  -55.386  -11.617 0.0000000000
17559  39.772  -63.112  -14.037 0.0000000000
17560  39.724  -61.655  -13.137 0.0000000000
17561  39.809  -61.478  -14.245 0.0000000000
17562  40.261  -58.068  -15.649 0.0000000000
17563  40.117  -58.236  -14.572 0.0000000000
17564  40.219  -56.549  -14.569 0.0000000000
17565  40.399  -54.964  -13.481 0.0000000000
17566  40.356  -54.828  -14.486 0.0000000000
17567  40.619  -53.113  -14.373 0.0000000000
17568  40.609  -54.563  -15.522 0.0000000000
22619  40.585  -39.059  -20.622 0.0000000000
22735  47.765  -58.953  -7.443 0.0000000000
22736  46.717  -60.100  -6.911 0.0000000000
22737  48.270  -59.240  -6.967 0.0000000000
22794  46.071  -52.998  -12.351 0.0000000000
22795  47.355  -52.414  -13.407 0.0000000000
22796  46.551  -51.816  -12.966 0.0000000000
22797  46.777  -48.227  -13.671 0.0000000000
22798  47.538  -48.854  -14.145 0.0000000000
22799  47.995  -47.437  -14.756 0.0000000000
22800  49.232  -46.822  -15.690 0.0000000000
22801  48.444  -46.068  -15.400 0.0000000000
22802  43.782  -46.015  -13.523 0.0000000000
22803  44.496  -46.453  -13.272 0.0000000000
22804  45.084  -45.064  -14.112 0.0000000000
22805  48.170  -42.518  -17.687 0.0000000000
22806  47.583  -43.632  -16.311 0.0000000000
22807  48.703  -42.947  -17.519 0.0000000000
22808  49.355  -43.456  -17.470 0.0000000000
22809  49.701  -42.330  -18.931 0.0000000000
22810  50.745  -41.774  -20.344 0.0000000000
22811  50.263  -41.255  -20.332 0.0000000000
22824  45.326  -37.566  -19.106 0.0000000000
22825  46.569  -36.586  -19.843 0.0000000000
22826  46.070  -35.866  -19.864 0.0000000000
24419  46.693  -56.785  -10.042 0.0000000000
24420  47.657  -56.778  -9.971 0.0000000000
24421  48.333  -56.149  -11.193 0.0000000000
24431  50.140  -51.091  -15.348 0.0000000000
24432  41.195  -49.465  -16.558 0.0000000000
24433  41.331  -48.009  -15.750 0.0000000000
24434  41.284  -47.843  -16.816 0.0000000000
24435  41.510  -46.050  -17.026 0.0000000000
24436  41.713  -44.306  -17.294 0.0000000000
24437  41.984  -42.838  -17.479 0.0000000000
24438  41.437  -43.999  -18.036 0.0000000000
24439  40.949  -43.778  -18.628 0.0000000000
24440  40.638  -43.458  -19.213 0.0000000000
25502  42.839  -65.302  -12.392 0.0000000000
25503  42.723  -63.491  -11.441 0.0000000000
25504  42.806  -61.919  -10.563 0.0000000000
25505  42.021  -62.029  -10.730 0.0000000000
25506  41.543  -60.366  -10.223 0.0000000000
25507  41.545  -58.617  -9.941 0.0000000000
25508  41.930  -57.138  -9.975 0.0000000000
25509  40.924  -58.657  -10.289 0.0000000000
25510  40.485  -58.672  -10.978 0.0000000000
25511  40.117  -58.535  -11.663 0.0000000000
25513  40.128  -61.514  -15.332 0.0000000000
28618  51.332  -58.340  -8.478 0.0000000000
28619  50.140  -58.998  -7.368 0.0000000000
28653  44.474  -51.786  -11.660 0.0000000000
28654  45.762  -51.130  -12.547 0.0000000000
28655  44.996  -50.379  -12.280 0.0000000000
28656  45.470  -48.986  -12.777 0.0000000000
28657  46.020  -47.578  -13.319 0.0000000000
28658  45.171  -43.285  -15.464 0.0000000000
28659  45.745  -43.812  -15.253 0.0000000000
28660  46.422  -42.592  -16.462 0.0000000000
28661  47.563  -42.037  -17.772 0.0000000000
28670  48.930  -35.104  -22.447 0.0000000000
28671  44.214  -36.650  -19.199 0.0000000000
28672  45.513  -35.339  -19.763 0.0000000000
28673  44.964  -35.070  -19.681 0.0000000000
29599  40.617  -65.106  -12.756 0.0000000000
29600  40.113  -63.553  -12.375 0.0000000000
29601  40.193  -64.943  -13.158 0.0000000000
29602  39.992  -64.703  -13.972 0.0000000000
29603  39.945  -64.573  -14.872 0.0000000000
32016  45.413  -61.693  -8.170 0.0000000000
32017  45.609  -60.172  -8.080 0.0000000000
32018  46.959  -58.851  -7.888 0.0000000000
32019  48.814  -58.018  -8.322 0.0000000000
32020  48.715  -56.814  -9.914 0.0000000000
32021  49.712  -57.172  -9.498 0.0000000000
32022  50.600  -57.793  -9.030 0.0000000000
32023  52.355  -57.944  -9.751 0.0000000000
32045  51.546  -45.754  -18.301 0.0000000000
32046  41.436  -50.172  -12.713 0.0000000000
32047  42.553  -48.906  -12.429 0.0000000000
32048  41.986  -48.604  -13.007 0.0000000000
32049  42.532  -47.105  -13.404 0.0000000000
32050  43.187  -45.592  -14.058 0.0000000000
32051  41.757  -46.651  -15.085 0.0000000000
32052  42.653  -45.369  -14.626 0.0000000000
32053  43.880  -44.209  -14.847 0.0000000000
32054  44.600  -42.767  -15.775 0.0000000000
32055  45.273  -41.391  -16.904 0.0000000000
32056  45.882  -40.141  -17.811 0.0000000000
32057  46.503  -38.789  -18.986 0.0000000000
32058  45.298  -39.461  -18.124 0.0000000000
32059  44.677  -39.005  -18.191 0.0000000000
32060  44.093  -38.637  -18.446 0.0000000000
32061  42.322  -41.214  -17.809 0.0000000000
32062  42.809  -39.780  -18.205 0.0000000000
32063  43.541  -38.231  -18.762 0.0000000000
32064  43.059  -37.783  -19.091 0.0000000000
32065  42.525  -37.418  -19.476 0.0000000000
32066  42.066  -37.181  -19.760 0.0000000000
34321  44.748  -58.963  -9.170 0.0000000000
34322  43.142  -60.276  -9.841 0.0000000000
34323  43.925  -58.826  -9.393 0.0000000000
34324  45.194  -57.720  -9.482 0.0000000000
34325  45.762  -56.646  -10.224 0.0000000000
34330  45.529  -54.021  -11.661 0.0000000000
34331  44.787  -53.562  -11.343 0.0000000000
34332  42.531  -55.684  -10.211 0.0000000000
34333  43.220  -54.453  -10.602 0.0000000000
34334  43.915  -53.112  -11.057 0.0000000000
34335  43.060  -52.788  -11.027 0.0000000000
34336  42.205  -52.397  -11.277 0.0000000000
34337  41.498  -52.005  -11.747 0.0000000000
34338  39.827  -61.880  -12.297 0.0000000000
34339  39.799  -60.272  -12.412 0.0000000000
34340  39.979  -58.425  -12.503 0.0000000000
34341  39.894  -59.873  -14.353 0.0000000000
34342  39.941  -58.371  -13.499 0.0000000000
34343  40.272  -56.837  -12.518 0.0000000000
34344  40.493  -55.159  -12.502 0.0000000000
34345  40.774  -53.402  -12.512 0.0000000000
34346  41.083  -51.808  -12.501 0.0000000000
34347  40.899  -51.627  -13.432 0.0000000000
34348  40.839  -51.408  -14.368 0.0000000000
34349  40.841  -51.167  -15.318 0.0000000000
34351  40.945  -52.653  -16.394 0.0000000000
34352  41.066  -51.036  -16.363 0.0000000000
40452  40.295  -42.838  -19.747 0.0000000000
40455  40.388  -41.218  -19.763 0.0000000000
40456  40.782  -39.743  -19.992 0.0000000000
40457  41.188  -38.278  -20.192 0.0000000000
40594  45.648  -61.617  -7.412 0.0000000000
40595  45.952  -61.477  -6.762 0.0000000000
40596  46.271  -61.545  -6.302 0.0000000000
40597  48.656  -59.780  -6.608 0.0000000000
40598  47.523  -60.660  -6.154 0.0000000000
40667  48.770  -51.712  -14.369 0.0000000000
40668  49.245  -50.320  -14.832 0.0000000000
40669  47.015  -50.360  -13.589 0.0000000000
40670  48.367  -49.560  -14.548 0.0000000000
40671  49.672  -48.997  -15.486 0.0000000000
40672  50.084  -47.601  -16.064 0.0000000000
40673  50.458  -46.272  -16.877 0.0000000000
40674  50.725  -44.951  -17.916 0.0000000000
40675  43.843  -47.846  -12.668 0.0000000000
40676  45.211  -46.933  -13.147 0.0000000000
40677  46.448  -46.156  -14.127 0.0000000000
40678  46.353  -44.350  -15.121 0.0000000000
40679  47.005  -44.886  -15.187 0.0000000000
40680  47.686  -45.368  -15.335 0.0000000000
40681  48.888  -44.691  -16.308 0.0000000000
40682  50.044  -44.135  -17.684 0.0000000000
40683  50.998  -43.691  -19.193 0.0000000000
40684  51.281  -42.549  -20.510 0.0000000000
40702  46.989  -37.367  -20.148 0.0000000000
40703  47.774  -35.865  -21.125 0.0000000000
40704  48.455  -34.264  -22.044 0.0000000000
40705  46.831  -34.189  -20.668 0.0000000000
40706  48.008  -33.319  -21.692 0.0000000000
40707  49.045  -32.552  -23.009 0.0000000000
42327  40.855  -64.601  -12.209 0.0000000000
42328  41.168  -64.723  -12.108 0.0000000000
42329  40.820  -63.775  -11.765 0.0000000000
42330  40.837  -63.013  -11.347 0.0000000000
42331  40.554  -62.843  -11.536 0.0000000000
42332  40.348  -61.940  -11.408 0.0000000000
42333  40.285  -62.801  -11.782 0.0000000000
44079  42.342  -50.671  -11.797 0.0000000000
44080  43.073  -50.026  -11.796 0.0000000000
44081  42.675  -49.843  -12.047 0.0000000000
44082  46.770  -40.221  -18.347 0.0000000000
44083  47.013  -40.532  -18.317 0.0000000000
44084  47.332  -39.912  -18.969 0.0000000000
44085  47.879  -39.568  -19.795 0.0000000000
44086  47.594  -39.210  -19.713 0.0000000000
44087  47.890  -38.597  -20.341 0.0000000000
44088  47.286  -38.747  -19.757 0.0000000000
46457  45.736  -58.325  -8.889 0.0000000000
46458  46.092  -58.273  -8.740 0.0000000000
46459  46.478  -57.735  -9.053 0.0000000000
46461  51.796  -56.375  -12.283 0.0000000000
46474  51.068  -50.138  -16.118 0.0000000000
46475  51.652  -49.901  -16.705 0.0000000000
46476  51.190  -49.392  -16.406 0.0000000000
46477  51.380  -48.768  -16.755 0.0000000000
46478  50.795  -49.054  -16.205 0.0000000000
46479  41.084  -49.617  -14.923 0.0000000000
46480  41.194  -49.020  -14.507 0.0000000000
46481  41.197  -48.863  -15.013 0.0000000000
46482  42.256  -43.935  -16.571 0.0000000000
46483  42.413  -44.054  -16.191 0.0000000000
46484  42.661  -43.110  -16.458 0.0000000000
46485  43.226  -42.620  -16.407 0.0000000000
46486  42.964  -42.370  -16.737 0.0000000000
46487  43.204  -41.692  -16.957 0.0000000000
46488  42.695  -42.269  -17.047 0.0000000000
46489  40.905  -41.948  -18.843 0.0000000000
46490  41.259  -41.119  -18.715 0.0000000000
46491  41.058  -41.184  -18.913 0.0000000000
46492  41.236  -40.434  -19.029 0.0000000000
46493  40.833  -40.914  -19.196 0.0000000000
48267  42.393  -57.831  -9.628 0.0000000000
48268  42.768  -58.009  -9.518 0.0000000000
48269  43.006  -57.272  -9.645 0.0000000000
48270  43.725  -56.731  -9.855 0.0000000000
48271  43.405  -56.530  -9.897 0.0000000000
48272  43.704  -55.992  -10.136 0.0000000000
48273  42.931  -56.485  -9.852 0.0000000000
48274  40.635  -57.052  -11.261 0.0000000000
48275  41.029  -56.333  -10.894 0.0000000000
48276  40.809  -56.305  -11.235 0.0000000000
48277  41.001  -55.470  -11.236 0.0000000000
48278  40.671  -56.228  -11.646 0.0000000000
48279  39.855  -63.201  -14.543 0.0000000000
48280  39.773  -62.300  -14.146 0.0000000000
48281  39.872  -62.443  -14.643 0.0000000000
48282  40.376  -57.167  -15.636 0.0000000000
48283  40.268  -57.299  -15.149 0.0000000000
48284  40.380  -56.413  -15.141 0.0000000000
48285  40.313  -55.687  -14.549 0.0000000000
48286  40.441  -55.535  -15.107 0.0000000000
48287  40.480  -54.684  -15.076 0.0000000000
48288  40.594  -55.406  -15.602 0.0000000000
53455  48.637  -58.576  -7.609 0.0000000000
53456  48.025  -59.047  -7.180 0.0000000000
53457  48.941  -58.737  -7.354 0.0000000000
53514  45.704  -52.679  -12.141 0.0000000000
53515  46.282  -52.412  -12.640 0.0000000000
53516  45.917  -52.118  -12.405 0.0000000000
53517  47.017  -47.504  -14.015 0.0000000000
53518  47.392  -47.760  -14.217 0.0000000000
53519  47.609  -47.055  -14.588 0.0000000000
53520  48.207  -46.718  -15.050 0.0000000000
53521  47.844  -46.346  -14.930 0.0000000000
53522  44.158  -45.286  -13.956 0.0000000000
53523  44.428  -45.547  -13.761 0.0000000000
53524  44.763  -44.870  -14.170 0.0000000000
53525  48.662  -42.173  -18.346 0.0000000000
53526  48.355  -42.676  -17.592 0.0000000000
53527  48.904  -42.422  -18.277 0.0000000000
53528  49.239  -42.582  -18.221 0.0000000000
53529  49.411  -42.056  -18.907 0.0000000000
53530  49.997  -41.829  -19.598 0.0000000000
53531  49.750  -41.529  -19.677 0.0000000000
53544  45.066  -37.240  -19.113 0.0000000000
53545  45.742  -36.789  -19.398 0.0000000000
53546  45.379  -36.484  -19.432 0.0000000000
56058  47.537  -56.357  -10.586 0.0000000000
56077  50.597  -51.558  -15.591 0.0000000000
56078  49.921  -51.760  -15.085 0.0000000000
56079  41.215  -49.296  -17.126 0.0000000000
56080  41.251  -48.698  -16.712 0.0000000000
56081  41.243  -48.585  -17.217 0.0000000000
56083  41.354  -46.754  -17.440 0.0000000000
56084  41.446  -45.896  -17.468 0.0000000000
56085  41.632  -45.224  -17.190 0.0000000000
56086  41.523  -45.052  -17.589 0.0000000000
56087  41.606  -44.267  -17.689 0.0000000000
56088  41.392  -44.938  -17.982 0.0000000000
56090  40.965  -44.638  -18.609 0.0000000000
56091  40.788  -44.392  -18.855 0.0000000000
56092  40.789  -43.629  -18.849 0.0000000000
56093  40.670  -44.124  -19.235 0.0000000000
57860  41.971  -64.636  -11.965 0.0000000000
57861  42.432  -65.376  -12.396 0.0000000000
57862  42.339  -64.496  -11.932 0.0000000000
57863  42.777  -64.395  -11.925 0.0000000000
57864  42.351  -63.622  -11.502 0.0000000000
57865  42.359  -62.777  -11.086 0.0000000000
57866  41.925  -62.853  -11.078 0.0000000000
57867  41.006  -61.172  -10.673 0.0000000000
57868  41.357  -61.158  -10.487 0.0000000000
57869  41.214  -60.291  -10.322 0.0000000000
57870  41.486  -59.475  -10.042 0.0000000000
57871  41.156  -59.392  -10.174 0.0000000000
57872  41.221  -58.574  -10.079 0.0000000000
57873  40.857  -59.511  -10.327 0.0000000000
57874  40.139  -60.273  -11.319 0.0000000000
57875  40.365  -59.498  -11.029 0.0000000000
57876  40.174  -59.455  -11.348 0.0000000000
57877  40.323  -58.593  -11.329 0.0000000000
57878  40.020  -59.391  -11.626 0.0000000000
63055  52.208  -58.342  -8.761 0.0000000000
63056  51.681  -58.604  -8.102 0.0000000000
63114  44.048  -51.466  -11.551 0.0000000000
63115  44.746  -51.137  -11.982 0.0000000000
63116  44.315  -50.733  -11.865 0.0000000000
63117  44.380  -49.021  -12.296 0.0000000000
63118  44.834  -49.351  -12.417 0.0000000000
63119  45.066  -48.671  -12.683 0.0000000000
63120  45.761  -48.309  -13.020 0.0000000000
63121  45.365  -47.955  -12.940 0.0000000000
63122  45.467  -42.679  -15.983 0.0000000000
63123  45.798  -42.945  -15.952 0.0000000000
63124  46.049  -42.384  -16.456 0.0000000000
63125  47.568  -41.097  -18.385 0.0000000000
63126  47.271  -41.770  -17.627 0.0000000000
63127  47.820  -41.468  -18.427 0.0000000000
63128  48.121  -41.638  -18.467 0.0000000000
63143  48.580  -35.984  -21.927 0.0000000000
63144  44.102  -36.497  -19.519 0.0000000000
63145  44.568  -35.880  -19.425 0.0000000000
63146  44.389  -35.770  -19.565 0.0000000000
65070  41.017  -65.938  -13.103 0.0000000000
65071  40.717  -65.718  -13.188 0.0000000000
65072  40.404  -65.046  -12.961 0.0000000000
65073  40.487  -65.683  -13.345 0.0000000000
65075  40.161  -65.397  -13.996 0.0000000000
65076  39.995  -65.340  -14.319 0.0000000000
65077  39.942  -64.587  -14.350 0.0000000000
65078  39.887  -65.333  -14.815 0.0000000000
70247  45.047  -61.033  -8.808 0.0000000000
70248  45.269  -61.006  -8.451 0.0000000000
70249  45.380  -60.257  -8.388 0.0000000000
70250  46.938  -58.205  -8.412 0.0000000000
70251  46.544  -58.784  -8.090 0.0000000000
70252  47.424  -58.244  -8.232 0.0000000000
70253  47.875  -58.357  -8.038 0.0000000000
70254  48.320  -57.850  -8.519 0.0000000000
70255  48.591  -56.442  -10.587 0.0000000000
70256  48.161  -56.805  -9.910 0.0000000000
70257  49.065  -56.532  -10.525 0.0000000000
70258  51.121  -56.766  -10.664 0.0000000000
70259  50.146  -56.819  -10.199 0.0000000000
70260  50.633  -57.091  -9.969 0.0000000000
70261  50.168  -57.428  -9.308 0.0000000000
70262  51.057  -57.390  -9.697 0.0000000000
70263  51.464  -57.841  -9.407 0.0000000000
70264  51.956  -57.563  -10.131 0.0000000000
70309  51.741  -47.493  -17.543 0.0000000000
70310  52.271  -47.295  -18.261 0.0000000000
70311  51.805  -46.857  -18.007 0.0000000000
70312  51.935  -46.158  -18.535 0.0000000000
70313  51.428  -46.392  -17.792 0.0000000000
70314  41.345  -50.103  -13.103 0.0000000000
70315  41.717  -49.347  -12.831 0.0000000000
70316  41.564  -49.197  -13.207 0.0000000000
70317  41.799  -47.635  -13.952 0.0000000000
70318  41.993  -47.824  -13.548 0.0000000000
70319  42.265  -47.026  -13.748 0.0000000000
70320  42.827  -46.385  -13.707 0.0000000000
70321  42.584  -46.280  -14.038 0.0000000000
70322  41.419  -47.257  -15.871 0.0000000000
70323  41.525  -47.310  -15.417 0.0000000000
70324  41.726  -46.483  -15.641 0.0000000000
70325  42.790  -44.346  -15.427 0.0000000000
70326  42.463  -45.179  -15.109 0.0000000000
70327  43.024  -44.597  -15.022 0.0000000000
70328  43.280  -44.724  -14.736 0.0000000000
70329  43.617  -44.082  -15.095 0.0000000000
70330  44.253  -43.503  -15.307 0.0000000000
70331  43.941  -43.261  -15.607 0.0000000000
70332  44.375  -41.550  -16.774 0.0000000000
70333  44.598  -41.858  -16.418 0.0000000000
70334  44.946  -41.179  -16.910 0.0000000000
70335  45.658  -40.728  -17.374 0.0000000000
70336  45.312  -40.461  -17.497 0.0000000000
70337  45.562  -39.781  -17.894 0.0000000000
70338  44.944  -40.216  -17.502 0.0000000000
70339  43.807  -40.209  -17.605 0.0000000000
70340  44.400  -39.714  -17.854 0.0000000000
70341  44.098  -39.571  -17.936 0.0000000000
70342  44.421  -38.825  -18.411 0.0000000000
70343  43.756  -39.310  -18.195 0.0000000000
70344  41.689  -42.712  -17.775 0.0000000000
70345  42.099  -42.132  -17.610 0.0000000000
70346  41.822  -41.904  -17.887 0.0000000000
70347  42.123  -40.015  -18.514 0.0000000000
70348  42.316  -40.254  -18.171 0.0000000000
70349  42.602  -39.503  -18.335 0.0000000000
70350  43.158  -39.052  -18.512 0.0000000000
70351  42.884  -38.674  -18.562 0.0000000000
70352  43.308  -37.958  -18.933 0.0000000000
70353  42.799  -38.406  -18.925 0.0000000000
70354  41.732  -38.800  -19.409 0.0000000000
70355  42.249  -38.098  -19.299 0.0000000000
70356  42.009  -38.008  -19.559 0.0000000000
70357  42.230  -37.275  -19.602 0.0000000000
70358  41.760  -37.929  -19.650 0.0000000000
75675  44.593  -59.632  -9.163 0.0000000000
75676  44.236  -59.638  -9.370 0.0000000000
75677  42.524  -61.151  -10.294 0.0000000000
75678  42.937  -61.117  -10.215 0.0000000000
75679  42.743  -60.329  -9.917 0.0000000000
75680  43.626  -58.118  -9.460 0.0000000000
75681  43.487  -58.826  -9.470 0.0000000000
75682  44.090  -58.157  -9.459 0.0000000000
75683  44.540  -58.234  -9.431 0.0000000000
75684  44.756  -57.659  -9.580 0.0000000000
75685  45.492  -57.189  -9.792 0.0000000000
75686  45.011  -57.089  -9.852 0.0000000000
75687  45.172  -55.863  -10.656 0.0000000000
75688  45.579  -56.045  -10.675 0.0000000000
75694  44.415  -54.878  -10.741 0.0000000000
75695  45.160  -54.534  -11.220 0.0000000000
75696  44.795  -54.359  -11.117 0.0000000000
75697  45.197  -53.709  -11.561 0.0000000000
75698  44.471  -54.150  -11.027 0.0000000000
75699  41.592  -57.124  -10.059 0.0000000000
75700  42.235  -56.381  -10.090 0.0000000000
75701  41.872  -56.386  -10.189 0.0000000000
75702  42.138  -54.957  -10.548 0.0000000000
75703  42.516  -54.981  -10.443 0.0000000000
75704  42.909  -54.401  -10.657 0.0000000000
75705  43.584  -53.796  -10.827 0.0000000000
75706  43.201  -53.711  -10.843 0.0000000000
75707  43.511  -52.985  -11.049 0.0000000000
75708  42.797  -53.543  -10.879 0.0000000000
75709  41.381  -53.860  -11.268 0.0000000000
75710  41.956  -53.222  -11.124 0.0000000000
75711  41.605  -53.066  -11.348 0.0000000000
75712  41.827  -52.247  -11.471 0.0000000000
75713  41.300  -52.885  -11.712 0.0000000000
75714  39.921  -63.515  -12.653 0.0000000000
75715  39.939  -62.704  -12.269 0.0000000000
75716  39.785  -62.612  -12.621 0.0000000000
75717  39.741  -60.799  -13.241 0.0000000000
75718  39.699  -60.870  -12.751 0.0000000000
75719  39.732  -60.024  -12.845 0.0000000000
75720  39.869  -59.304  -12.500 0.0000000000
75721  39.821  -59.142  -12.932 0.0000000000
75722  40.147  -60.674  -15.458 0.0000000000
75723  39.947  -60.645  -14.911 0.0000000000
75724  39.961  -59.882  -15.024 0.0000000000
75725  40.099  -57.486  -14.088 0.0000000000
75726  39.978  -58.292  -14.016 0.0000000000
75727  40.062  -57.529  -13.511 0.0000000000
75728  40.067  -57.574  -13.027 0.0000000000
75729  40.165  -56.750  -13.032 0.0000000000
75730  40.411  -56.002  -12.491 0.0000000000
75731  40.291  -55.902  -13.021 0.0000000000
75732  40.502  -54.158  -13.458 0.0000000000
75733  40.554  -54.263  -12.962 0.0000000000
75734  40.682  -53.351  -12.976 0.0000000000
75735  40.901  -52.541  -12.501 0.0000000000
75736  40.811  -52.520  -12.987 0.0000000000
75737  40.944  -51.729  -12.977 0.0000000000
75738  40.770  -52.421  -13.448 0.0000000000
75739  40.617  -52.962  -14.960 0.0000000000
75740  40.697  -52.218  -14.370 0.0000000000
75741  40.702  -52.175  -14.919 0.0000000000
75742  40.858  -51.312  -14.887 0.0000000000
75743  40.753  -51.961  -15.337 0.0000000000
75750  41.004  -51.860  -16.367 0.0000000000
90892  40.177  -41.772  -20.081 0.0000000000
90893  40.307  -40.885  -20.120 0.0000000000
90894  40.577  -40.405  -19.889 0.0000000000
90895  40.412  -40.039  -20.172 0.0000000000
90897  40.801  -38.662  -20.351 0.0000000000
91240  45.653  -60.862  -7.772 0.0000000000
91241  45.525  -61.630  -7.781 0.0000000000
91242  45.838  -60.809  -7.407 0.0000000000
91243  46.959  -60.179  -6.617 0.0000000000
91244  46.298  -60.797  -6.828 0.0000000000
91245  46.493  -60.873  -6.557 0.0000000000
91246  46.127  -61.543  -6.514 0.0000000000
91247  46.638  -60.930  -6.351 0.0000000000
91248  50.243  -59.389  -7.151 0.0000000000
91249  49.361  -59.383  -6.935 0.0000000000
91250  49.492  -59.766  -6.797 0.0000000000
91422  47.618  -51.722  -13.653 0.0000000000
91423  48.074  -52.055  -13.850 0.0000000000
91424  48.344  -51.335  -14.135 0.0000000000
91425  49.000  -51.007  -14.659 0.0000000000
91426  48.578  -50.626  -14.448 0.0000000000
91427  46.021  -50.480  -12.847 0.0000000000
91428  46.405  -50.748  -13.060 0.0000000000
91429  46.617  -50.039  -13.391 0.0000000000
91430  48.182  -48.486  -14.662 0.0000000000
91431  47.942  -49.234  -14.365 0.0000000000
91432  48.576  -48.864  -14.826 0.0000000000
91433  48.988  -49.279  -14.983 0.0000000000
91434  49.253  -48.545  -15.326 0.0000000000
91435  49.892  -48.284  -15.768 0.0000000000
91436  49.475  -47.872  -15.590 0.0000000000
91437  49.500  -46.106  -16.100 0.0000000000
91438  49.862  -46.517  -16.249 0.0000000000
91439  50.014  -45.839  -16.678 0.0000000000
91440  50.593  -45.607  -17.411 0.0000000000
91441  50.213  -45.223  -17.198 0.0000000000
91442  42.832  -48.160  -12.672 0.0000000000
91443  43.236  -48.337  -12.529 0.0000000000
91444  43.518  -47.611  -12.801 0.0000000000
91445  45.136  -45.950  -13.588 0.0000000000
91446  44.861  -46.699  -13.172 0.0000000000
91447  45.458  -46.262  -13.517 0.0000000000
91448  45.868  -46.561  -13.578 0.0000000000
91449  46.126  -45.912  -14.030 0.0000000000
91450  46.381  -43.445  -15.822 0.0000000000
91451  46.026  -44.037  -15.202 0.0000000000
91452  46.737  -43.694  -15.755 0.0000000000
91453  47.961  -43.873  -16.262 0.0000000000
91454  47.298  -44.272  -15.759 0.0000000000
91455  47.619  -44.477  -15.768 0.0000000000
91456  47.345  -45.145  -15.322 0.0000000000
91457  47.974  -44.756  -15.744 0.0000000000
91458  48.227  -45.062  -15.744 0.0000000000
91459  48.556  -44.347  -16.290 0.0000000000
91460  49.854  -43.180  -18.223 0.0000000000
91461  49.672  -43.772  -17.589 0.0000000000
91462  50.219  -43.554  -18.279 0.0000000000
91463  50.516  -43.980  -18.364 0.0000000000
91464  50.652  -43.279  -19.056 0.0000000000
91465  51.129  -43.064  -19.859 0.0000000000
91466  50.810  -42.680  -19.713 0.0000000000
91467  51.012  -41.146  -21.024 0.0000000000
91468  51.278  -41.504  -21.077 0.0000000000
91509  46.235  -38.422  -19.059 0.0000000000
91510  46.789  -38.031  -19.673 0.0000000000
91511  46.479  -37.718  -19.531 0.0000000000
91512  46.878  -35.720  -20.492 0.0000000000
91513  47.046  -36.180  -20.656 0.0000000000
91514  47.505  -35.288  -21.113 0.0000000000
91515  48.150  -34.996  -21.581 0.0000000000
91516  47.832  -34.538  -21.501 0.0000000000
91517  45.979  -34.551  -20.101 0.0000000000
91518  46.206  -34.894  -20.135 0.0000000000
91519  46.585  -33.991  -20.583 0.0000000000
91521  47.800  -32.956  -21.638 0.0000000000
91522  48.277  -32.391  -22.198 0.0000000000
91523  48.571  -32.876  -22.337 0.0000000000
91524  48.764  -32.079  -22.870 0.0000000000
94619  41.730  -66.137  -12.992 0.0000000000
94620  42.140  -66.225  -12.961 0.0000000000
94621  41.626  -65.484  -12.498 0.0000000000
94622  41.572  -64.675  -12.029 0.0000000000
94623  41.554  -63.824  -11.575 0.0000000000
94624  41.554  -62.945  -11.172 0.0000000000
94625  41.199  -62.964  -11.253 0.0000000000
94626  40.882  -62.090  -11.008 0.0000000000
94627  40.673  -61.183  -10.850 0.0000000000
94628  40.598  -60.308  -10.751 0.0000000000
94629  40.413  -61.128  -11.072 0.0000000000
94630  40.187  -61.105  -11.327 0.0000000000
94631  40.025  -61.083  -11.684 0.0000000000
97773  43.183  -51.077  -11.503 0.0000000000
97774  43.879  -50.531  -11.781 0.0000000000
97775  43.467  -50.301  -11.774 0.0000000000
97776  43.738  -49.527  -12.092 0.0000000000
97777  43.999  -48.762  -12.343 0.0000000000
97778  46.098  -41.513  -17.085 0.0000000000
97779  46.421  -41.706  -17.111 0.0000000000
97780  46.710  -41.133  -17.669 0.0000000000
97781  47.319  -40.845  -18.335 0.0000000000
97782  47.814  -40.556  -19.207 0.0000000000
97789  48.165  -37.948  -21.089 0.0000000000
97790  47.915  -37.554  -20.901 0.0000000000
97791  43.497  -36.039  -19.600 0.0000000000
102053  45.219  -59.586  -8.649 0.0000000000
102054  45.546  -59.591  -8.440 0.0000000000
102055  45.751  -58.935  -8.542 0.0000000000
102056  46.496  -58.265  -8.594 0.0000000000
102057  47.334  -57.689  -8.853 0.0000000000
102058  50.388  -56.209  -11.805 0.0000000000
102059  50.042  -56.354  -11.120 0.0000000000
102060  50.905  -56.341  -11.683 0.0000000000
102061  51.524  -56.549  -11.492 0.0000000000
102062  51.994  -56.827  -11.246 0.0000000000
102063  52.412  -57.271  -10.864 0.0000000000
102064  52.819  -56.932  -11.656 0.0000000000
102084  51.988  -51.003  -16.659 0.0000000000
102086  52.134  -50.315  -16.967 0.0000000000
102087  52.304  -49.618  -17.341 0.0000000000
102088  52.485  -49.037  -17.685 0.0000000000
102089  52.632  -48.330  -18.082 0.0000000000
102090  52.030  -48.554  -17.441 0.0000000000
102091  51.558  -48.158  -17.165 0.0000000000
102092  51.112  -47.717  -16.923 0.0000000000
102093  41.166  -49.876  -13.988 0.0000000000
102094  41.384  -49.144  -13.652 0.0000000000
102095  41.317  -48.994  -14.063 0.0000000000
102096  41.444  -48.345  -14.175 0.0000000000
102097  41.679  -47.496  -14.399 0.0000000000
102098  41.779  -45.578  -16.200 0.0000000000
102099  41.892  -45.725  -15.751 0.0000000000
102100  42.142  -44.914  -15.894 0.0000000000
102101  42.562  -44.184  -15.769 0.0000000000
102102  43.132  -43.550  -15.808 0.0000000000
102103  43.709  -43.100  -15.801 0.0000000000
102104  43.514  -42.822  -16.097 0.0000000000
102105  43.780  -42.050  -16.495 0.0000000000
102106  44.067  -41.259  -16.920 0.0000000000
102107  44.413  -40.572  -17.303 0.0000000000
102108  43.770  -41.131  -17.054 0.0000000000
102109  43.459  -40.966  -17.338 0.0000000000
102110  43.189  -40.823  -17.516 0.0000000000
102111  41.218  -42.344  -18.401 0.0000000000
102112  41.654  -41.628  -18.221 0.0000000000
102113  41.422  -41.430  -18.493 0.0000000000
102114  41.601  -40.514  -18.604 0.0000000000
102115  41.820  -39.776  -18.691 0.0000000000
102116  42.077  -39.214  -18.825 0.0000000000
102117  41.691  -39.632  -18.973 0.0000000000
102118  41.426  -39.562  -19.204 0.0000000000
102119  41.238  -39.504  -19.430 0.0000000000
105311  42.233  -59.593  -9.778 0.0000000000
105312  42.634  -59.550  -9.674 0.0000000000
105313  42.640  -58.756  -9.516 0.0000000000
105314  43.195  -58.073  -9.473 0.0000000000
105315  43.864  -57.481  -9.638 0.0000000000
105316  44.531  -56.965  -9.875 0.0000000000
105317  44.147  -56.876  -9.870 0.0000000000
105318  44.460  -56.267  -10.221 0.0000000000
105319  44.803  -55.679  -10.650 0.0000000000
105320  45.172  -55.190  -11.016 0.0000000000
105321  44.433  -55.538  -10.513 0.0000000000
105322  44.036  -55.455  -10.388 0.0000000000
105323  43.655  -55.263  -10.391 0.0000000000
105324  41.049  -57.087  -10.566 0.0000000000
105325  41.551  -56.358  -10.348 0.0000000000
105326  41.275  -56.354  -10.577 0.0000000000
105327  41.562  -55.618  -10.658 0.0000000000
105328  41.834  -54.900  -10.742 0.0000000000
105329  42.094  -54.098  -10.825 0.0000000000
105330  41.496  -54.783  -10.934 0.0000000000
105331  41.212  -54.655  -11.239 0.0000000000
105332  40.936  -54.525  -11.578 0.0000000000
105333  39.734  -63.277  -13.508 0.0000000000
105334  39.719  -62.481  -13.068 0.0000000000
105335  39.705  -62.415  -13.545 0.0000000000
105336  39.735  -61.554  -13.639 0.0000000000
105337  39.786  -60.728  -13.754 0.0000000000
105338  40.209  -58.949  -15.611 0.0000000000
105339  40.018  -59.059  -15.059 0.0000000000
105340  40.123  -58.195  -15.108 0.0000000000
105341  40.167  -57.369  -14.583 0.0000000000
105342  40.216  -56.589  -14.074 0.0000000000
105343  40.259  -55.822  -13.474 0.0000000000
105344  40.278  -55.753  -14.040 0.0000000000
105345  40.361  -54.850  -13.993 0.0000000000
105346  40.488  -53.999  -13.943 0.0000000000
105347  40.556  -53.167  -13.936 0.0000000000
105348  40.486  -53.937  -14.454 0.0000000000
105349  40.546  -53.783  -15.027 0.0000000000
105350  40.624  -53.705  -15.435 0.0000000000
114441  40.339  -39.972  -20.541 0.0000000000
114649  46.880  -59.415  -7.370 0.0000000000
114650  46.457  -60.091  -7.168 0.0000000000
114651  47.191  -59.561  -7.105 0.0000000000
114652  47.484  -59.610  -6.855 0.0000000000
114653  47.717  -59.774  -6.643 0.0000000000
114756  46.437  -53.277  -12.582 0.0000000000
114758  46.670  -52.734  -12.919 0.0000000000
114759  46.938  -52.106  -13.198 0.0000000000
114760  47.172  -51.433  -13.486 0.0000000000
114761  46.498  -48.921  -13.412 0.0000000000
114762  46.888  -49.292  -13.625 0.0000000000
114763  47.144  -48.567  -13.886 0.0000000000
114764  47.782  -48.122  -14.443 0.0000000000
114765  48.413  -47.804  -14.903 0.0000000000
114766  49.040  -47.448  -15.391 0.0000000000
114767  48.624  -47.123  -15.178 0.0000000000
114768  48.831  -46.418  -15.510 0.0000000000
114769  48.999  -45.768  -15.890 0.0000000000
114770  43.447  -46.717  -13.215 0.0000000000
114771  43.809  -46.895  -13.080 0.0000000000
114772  44.105  -46.211  -13.377 0.0000000000
114773  44.775  -45.703  -13.603 0.0000000000
114774  45.408  -45.343  -14.042 0.0000000000
114775  47.564  -42.862  -16.996 0.0000000000
114776  47.288  -43.332  -16.318 0.0000000000
114777  47.866  -43.199  -16.985 0.0000000000
114778  48.196  -43.258  -16.927 0.0000000000
114779  48.463  -43.503  -16.844 0.0000000000
114780  48.785  -43.719  -16.843 0.0000000000
114781  49.035  -43.241  -17.473 0.0000000000
114782  49.508  -42.872  -18.197 0.0000000000
114783  50.047  -42.670  -18.908 0.0000000000
114784  50.533  -42.379  -19.673 0.0000000000
114785  50.219  -42.053  -19.598 0.0000000000
114786  50.507  -41.457  -20.305 0.0000000000
114787  50.760  -40.827  -20.996 0.0000000000
114810  45.678  -37.866  -19.064 0.0000000000
114811  46.238  -37.356  -19.569 0.0000000000
114812  45.916  -37.126  -19.546 0.0000000000
114813  46.225  -36.268  -19.976 0.0000000000
114814  46.704  -35.446  -20.276 0.0000000000
118415  46.393  -57.228  -9.531 0.0000000000
118416  46.862  -57.197  -9.486 0.0000000000
118417  47.215  -56.749  -9.998 0.0000000000
118418  48.002  -56.429  -10.535 0.0000000000
118419  48.852  -56.249  -11.211 0.0000000000
118422  49.793  -56.159  -11.855 0.0000000000
118423  50.642  -56.134  -12.478 0.0000000000
118443  51.298  -51.240  -16.106 0.0000000000
118444  50.823  -50.858  -15.864 0.0000000000
118445  50.359  -50.423  -15.617 0.0000000000
118446  41.132  -49.537  -15.955 0.0000000000
118447  41.234  -48.787  -15.596 0.0000000000
118448  41.158  -48.645  -16.146 0.0000000000
118449  41.234  -47.851  -16.261 0.0000000000
118450  41.384  -47.035  -16.410 0.0000000000
118451  41.290  -47.743  -17.332 0.0000000000
118452  41.377  -46.899  -16.896 0.0000000000
118453  41.580  -46.267  -16.582 0.0000000000
118454  41.720  -45.435  -16.667 0.0000000000
118455  41.912  -44.595  -16.785 0.0000000000
118456  42.056  -43.790  -16.917 0.0000000000
118457  42.119  -42.938  -17.124 0.0000000000
118458  41.840  -43.581  -17.377 0.0000000000
118459  41.664  -43.451  -17.732 0.0000000000
118460  41.461  -43.206  -18.084 0.0000000000
118461  41.172  -44.806  -18.330 0.0000000000
118462  41.129  -44.033  -18.319 0.0000000000
118463  41.131  -43.203  -18.348 0.0000000000
118464  40.993  -42.910  -18.688 0.0000000000
118465  40.835  -42.798  -18.860 0.0000000000
118466  40.631  -42.668  -19.183 0.0000000000
120940  42.550  -66.199  -12.886 0.0000000000
120941  42.895  -66.104  -12.871 0.0000000000
120942  43.369  -65.983  -12.855 0.0000000000
120943  43.194  -65.119  -12.301 0.0000000000
120944  43.136  -64.242  -11.788 0.0000000000
120945  43.106  -63.347  -11.314 0.0000000000
120946  43.145  -62.641  -10.888 0.0000000000
120947  42.793  -62.708  -10.996 0.0000000000
120948  42.411  -61.953  -10.641 0.0000000000
120949  42.121  -61.232  -10.348 0.0000000000
120950  41.594  -62.025  -10.773 0.0000000000
120951  41.709  -61.269  -10.444 0.0000000000
120952  41.939  -60.417  -10.094 0.0000000000
120953  41.847  -59.544  -9.875 0.0000000000
120954  41.877  -58.751  -9.805 0.0000000000
120955  42.020  -57.803  -9.798 0.0000000000
120956  42.281  -57.020  -9.890 0.0000000000
120957  41.684  -57.869  -9.915 0.0000000000
120958  41.377  -57.845  -10.055 0.0000000000
120959  41.062  -57.878  -10.279 0.0000000000
120960  40.606  -59.396  -10.655 0.0000000000
120961  40.665  -58.608  -10.579 0.0000000000
120962  40.845  -57.854  -10.582 0.0000000000
120963  40.618  -57.859  -10.909 0.0000000000
120964  40.481  -57.788  -11.297 0.0000000000
120965  40.276  -57.750  -11.651 0.0000000000
120976  40.624  -57.076  -16.153 0.0000000000
120977  40.698  -56.211  -16.127 0.0000000000
128212  50.505  -58.364  -8.144 0.0000000000
128213  49.906  -58.672  -7.587 0.0000000000
128214  50.775  -58.621  -7.848 0.0000000000
128215  50.995  -58.987  -7.587 0.0000000000
128295  44.882  -52.090  -11.775 0.0000000000
128296  45.557  -51.759  -12.253 0.0000000000
128297  45.178  -51.374  -12.104 0.0000000000
128298  45.369  -50.769  -12.392 0.0000000000
128299  45.594  -50.038  -12.687 0.0000000000
128300  44.577  -50.043  -12.153 0.0000000000
128301  45.206  -49.640  -12.523 0.0000000000
128302  45.834  -49.271  -12.912 0.0000000000
128303  46.133  -48.602  -13.188 0.0000000000
128304  46.397  -47.891  -13.427 0.0000000000
128305  46.620  -47.162  -13.794 0.0000000000
128306  44.820  -44.031  -14.836 0.0000000000
128307  45.095  -44.219  -14.729 0.0000000000
128308  45.396  -43.629  -15.305 0.0000000000
128309  46.038  -43.167  -15.846 0.0000000000
128310  46.728  -42.876  -16.429 0.0000000000
128311  46.707  -42.005  -17.073 0.0000000000
128312  46.992  -42.233  -16.996 0.0000000000
128313  47.269  -42.557  -17.013 0.0000000000
128314  47.841  -42.316  -17.729 0.0000000000
128315  48.424  -42.004  -18.421 0.0000000000
128316  48.914  -41.549  -19.101 0.0000000000
128317  49.515  -41.313  -19.781 0.0000000000
128336  49.297  -34.308  -22.870 0.0000000000
128337  44.582  -36.799  -19.143 0.0000000000
128338  45.131  -36.258  -19.399 0.0000000000
128339  44.949  -36.014  -19.469 0.0000000000
128340  45.292  -35.259  -19.705 0.0000000000
130805  41.360  -66.081  -13.029 0.0000000000
130806  40.893  -65.260  -12.685 0.0000000000
130807  40.556  -64.379  -12.331 0.0000000000
130808  40.313  -63.610  -12.133 0.0000000000
130809  40.345  -64.355  -12.536 0.0000000000
130810  40.125  -64.323  -12.749 0.0000000000
130811  39.951  -64.171  -13.048 0.0000000000
130812  40.290  -65.567  -13.564 0.0000000000
130813  40.028  -64.994  -13.498 0.0000000000
130814  39.821  -64.144  -13.483 0.0000000000
130815  39.826  -63.942  -13.956 0.0000000000
130816  39.882  -63.897  -14.445 0.0000000000
137365  45.353  -61.770  -8.576 0.0000000000
137366  45.468  -60.929  -8.113 0.0000000000
137367  45.879  -60.181  -7.814 0.0000000000
137368  45.868  -59.508  -8.162 0.0000000000
137369  46.171  -59.451  -7.908 0.0000000000
137370  46.525  -59.448  -7.630 0.0000000000
137371  47.403  -58.836  -7.648 0.0000000000
137372  48.301  -58.475  -7.851 0.0000000000
137373  49.220  -58.170  -8.129 0.0000000000
137374  47.282  -57.188  -9.444 0.0000000000
137375  47.748  -57.232  -9.360 0.0000000000
137376  48.263  -57.276  -9.224 0.0000000000
137377  49.616  -56.626  -10.414 0.0000000000
137378  49.194  -57.008  -9.695 0.0000000000
137379  48.755  -57.434  -9.119 0.0000000000
137380  49.283  -57.533  -8.898 0.0000000000
137381  49.732  -57.791  -8.711 0.0000000000
137382  50.146  -58.077  -8.456 0.0000000000
137383  51.014  -58.115  -8.752 0.0000000000
137384  51.827  -58.097  -9.119 0.0000000000
137385  52.728  -58.210  -9.396 0.0000000000
137386  52.768  -57.720  -10.347 0.0000000000
137447  51.615  -45.106  -18.903 0.0000000000
137448  41.747  -50.298  -12.358 0.0000000000
137449  42.298  -49.624  -12.255 0.0000000000
137450  41.994  -49.529  -12.497 0.0000000000
137451  42.230  -48.689  -12.675 0.0000000000
137452  42.502  -48.017  -12.899 0.0000000000
137453  41.758  -48.485  -13.356 0.0000000000
137454  42.263  -47.840  -13.209 0.0000000000
137455  42.778  -47.310  -13.159 0.0000000000
137456  43.101  -46.583  -13.411 0.0000000000
137457  43.448  -45.812  -13.742 0.0000000000
137458  43.825  -45.089  -14.162 0.0000000000
137459  41.320  -48.098  -15.227 0.0000000000
137460  41.547  -47.431  -14.951 0.0000000000
137461  41.943  -46.757  -14.647 0.0000000000
137462  42.035  -45.852  -15.248 0.0000000000
137463  42.197  -45.923  -14.872 0.0000000000
137464  42.309  -46.150  -14.363 0.0000000000
137465  42.932  -45.512  -14.382 0.0000000000
137466  43.537  -44.902  -14.432 0.0000000000
137467  44.196  -44.440  -14.648 0.0000000000
137468  44.501  -43.754  -15.067 0.0000000000
137469  44.842  -43.095  -15.614 0.0000000000
137470  45.175  -42.447  -16.125 0.0000000000
137471  44.288  -42.569  -16.010 0.0000000000
137472  44.952  -42.115  -16.353 0.0000000000
137473  45.574  -41.745  -16.617 0.0000000000
137474  45.872  -41.151  -17.190 0.0000000000
137475  46.167  -40.407  -17.748 0.0000000000
137476  46.555  -39.758  -18.396 0.0000000000
137477  46.870  -39.067  -18.998 0.0000000000
137478  46.267  -39.397  -18.384 0.0000000000
137479  45.885  -39.169  -18.493 0.0000000000
137480  45.633  -38.888  -18.536 0.0000000000
137481  44.715  -40.028  -17.708 0.0000000000
137482  44.957  -39.336  -18.249 0.0000000000
137483  45.347  -38.506  -18.756 0.0000000000
137484  44.996  -38.266  -18.717 0.0000000000
137485  44.686  -38.151  -18.670 0.0000000000
137486  44.441  -37.858  -18.810 0.0000000000
137487  42.370  -42.132  -17.308 0.0000000000
137488  42.650  -41.341  -17.503 0.0000000000
137489  42.882  -40.642  -17.747 0.0000000000
137490  42.051  -40.993  -18.069 0.0000000000
137491  42.546  -40.519  -17.936 0.0000000000
137492  43.127  -39.896  -18.007 0.0000000000
137493  43.507  -39.112  -18.283 0.0000000000
137494  43.817  -38.478  -18.604 0.0000000000
137495  44.172  -37.551  -18.956 0.0000000000
137496  43.892  -37.484  -18.965 0.0000000000
137497  43.648  -37.254  -19.187 0.0000000000
137498  43.343  -37.112  -19.267 0.0000000000
137499  42.393  -38.512  -18.966 0.0000000000
137500  42.774  -37.593  -19.204 0.0000000000
137501  43.131  -36.859  -19.447 0.0000000000
137502  42.834  -36.727  -19.643 0.0000000000
137503  42.552  -36.476  -19.726 0.0000000000
144010  44.845  -60.314  -8.999 0.0000000000
144011  44.945  -59.582  -8.918 0.0000000000
144012  45.121  -58.902  -8.963 0.0000000000
144013  45.382  -58.304  -9.127 0.0000000000
144014  43.192  -61.852  -10.553 0.0000000000
144015  43.326  -61.045  -10.146 0.0000000000
144016  43.544  -60.292  -9.782 0.0000000000
144017  43.056  -59.583  -9.624 0.0000000000
144018  43.466  -59.572  -9.563 0.0000000000
144019  43.840  -59.568  -9.465 0.0000000000
144020  44.361  -58.894  -9.345 0.0000000000
144021  44.945  -58.319  -9.325 0.0000000000
144022  45.658  -57.713  -9.357 0.0000000000
144023  45.976  -57.224  -9.713 0.0000000000
144024  46.236  -56.751  -10.156 0.0000000000
144026  45.285  -56.521  -10.285 0.0000000000
144036  45.516  -54.735  -11.395 0.0000000000
144037  45.854  -54.297  -11.847 0.0000000000
144038  46.152  -53.802  -12.208 0.0000000000
144039  45.860  -53.506  -12.069 0.0000000000
144040  45.480  -53.201  -11.870 0.0000000000
144041  45.062  -52.949  -11.659 0.0000000000
144042  42.563  -56.371  -10.040 0.0000000000
144043  42.881  -55.765  -10.148 0.0000000000
144044  43.238  -55.144  -10.382 0.0000000000
144045  42.178  -55.688  -10.308 0.0000000000
144046  42.884  -55.082  -10.393 0.0000000000
144047  43.646  -54.512  -10.608 0.0000000000
144048  44.010  -53.938  -10.865 0.0000000000
144049  44.362  -53.361  -11.182 0.0000000000
144050  44.634  -52.675  -11.479 0.0000000000
144051  44.240  -52.408  -11.341 0.0000000000
144052  43.799  -52.234  -11.271 0.0000000000
144053  43.325  -52.044  -11.250 0.0000000000
144054  42.393  -53.336  -10.952 0.0000000000
144055  42.681  -52.612  -11.098 0.0000000000
144056  42.938  -51.799  -11.272 0.0000000000
144057  42.474  -51.630  -11.407 0.0000000000
144058  42.072  -51.466  -11.601 0.0000000000
144059  41.747  -51.297  -11.883 0.0000000000
144060  40.116  -62.782  -11.998 0.0000000000
144061  39.934  -61.925  -11.943 0.0000000000
144062  39.874  -61.059  -11.996 0.0000000000
144063  39.714  -61.777  -12.633 0.0000000000
144064  39.772  -61.010  -12.359 0.0000000000
144065  39.870  -60.202  -12.036 0.0000000000
144066  39.909  -59.343  -12.016 0.0000000000
144067  40.027  -58.538  -12.065 0.0000000000
144068  40.192  -57.725  -12.072 0.0000000000
144069  39.900  -61.541  -14.779 0.0000000000
144070  39.806  -60.637  -14.278 0.0000000000
144071  39.838  -59.958  -13.841 0.0000000000
144072  39.997  -59.066  -14.473 0.0000000000
144073  39.863  -59.105  -13.907 0.0000000000
144074  39.854  -59.120  -13.437 0.0000000000
144075  39.955  -58.358  -13.018 0.0000000000
144076  40.120  -57.658  -12.510 0.0000000000
144077  40.399  -56.920  -12.025 0.0000000000
144078  40.560  -56.133  -12.051 0.0000000000
144079  40.681  -55.258  -12.051 0.0000000000
144080  40.778  -54.393  -12.028 0.0000000000
144081  40.417  -55.076  -12.994 0.0000000000
144082  40.618  -54.253  -12.510 0.0000000000
144083  40.903  -53.583  -12.030 0.0000000000
144084  41.067  -52.770  -12.062 0.0000000000
144085  41.283  -51.938  -12.101 0.0000000000
144086  41.490  -51.146  -12.193 0.0000000000
144087  41.266  -51.039  -12.578 0.0000000000
144088  41.153  -51.002  -13.029 0.0000000000
144089  41.043  -50.824  -13.435 0.0000000000
144090  40.691  -52.313  -13.914 0.0000000000
144091  40.838  -51.468  -13.910 0.0000000000
144092  40.989  -50.709  -13.917 0.0000000000
144093  40.974  -50.613  -14.360 0.0000000000
144094  40.983  -50.432  -14.880 0.0000000000
144095  40.929  -50.372  -15.312 0.0000000000
144096  40.757  -55.351  -16.091 0.0000000000
144097  40.783  -54.521  -16.042 0.0000000000
144098  40.780  -53.619  -15.931 0.0000000000
144100  40.913  -53.507  -16.425 0.0000000000
144101  40.822  -52.724  -15.887 0.0000000000
144102  40.867  -51.840  -15.858 0.0000000000
144103  40.973  -51.058  -15.855 0.0000000000
144104  41.066  -50.295  -15.873 0.0000000000
144105  41.116  -50.158  -16.413 0.0000000000
144106  41.197  -49.922  -17.082 0.0000000000
162310  40.423  -43.820  -19.471 0.0000000000
162311  40.365  -43.110  -19.425 0.0000000000
162312  40.401  -42.439  -19.442 0.0000000000
162320  40.357  -42.030  -19.723 0.0000000000
162321  40.534  -41.659  -19.497 0.0000000000
162322  40.725  -40.726  -19.546 0.0000000000
162323  40.955  -39.671  -19.626 0.0000000000
162324  41.107  -39.007  -19.733 0.0000000000
162325  40.545  -39.507  -20.252 0.0000000000
162326  41.003  -38.998  -20.078 0.0000000000
162327  41.360  -38.301  -19.848 0.0000000000
162328  41.709  -37.543  -19.948 0.0000000000
162736  45.405  -62.410  -8.239 0.0000000000
162737  45.423  -62.383  -7.865 0.0000000000
162738  45.512  -62.399  -7.484 0.0000000000
162739  46.067  -60.817  -7.107 0.0000000000
162740  45.799  -61.552  -7.071 0.0000000000
162741  45.612  -62.338  -7.129 0.0000000000
162742  45.715  -62.308  -6.824 0.0000000000
162745  49.175  -59.061  -7.135 0.0000000000
162746  48.483  -59.484  -6.779 0.0000000000
162747  47.894  -59.980  -6.463 0.0000000000
162748  48.834  -60.142  -6.522 0.0000000000
162749  48.025  -60.255  -6.355 0.0000000000
162750  47.388  -60.494  -6.256 0.0000000000
162751  46.859  -60.962  -6.175 0.0000000000
162957  49.222  -52.134  -14.571 0.0000000000
162958  49.444  -51.419  -14.818 0.0000000000
162959  49.676  -50.692  -15.068 0.0000000000
162960  49.899  -50.000  -15.359 0.0000000000
162961  46.145  -51.471  -12.754 0.0000000000
162962  46.771  -51.097  -13.282 0.0000000000
162963  47.434  -50.737  -13.781 0.0000000000
162964  47.290  -49.650  -13.844 0.0000000000
162965  47.684  -49.990  -14.096 0.0000000000
162966  48.111  -50.295  -14.241 0.0000000000
162967  48.803  -49.914  -14.723 0.0000000000
162968  49.455  -49.642  -15.186 0.0000000000
162969  50.122  -49.373  -15.644 0.0000000000
162970  50.329  -48.659  -15.950 0.0000000000
162971  50.545  -48.029  -16.264 0.0000000000
162972  50.698  -47.298  -16.697 0.0000000000
162973  49.670  -47.213  -15.846 0.0000000000
162974  50.226  -46.857  -16.428 0.0000000000
162975  50.878  -46.658  -17.082 0.0000000000
162976  51.009  -45.994  -17.575 0.0000000000
162977  51.154  -45.340  -18.058 0.0000000000
162978  51.219  -44.733  -18.711 0.0000000000
162979  42.954  -49.129  -12.266 0.0000000000
162980  43.571  -48.475  -12.359 0.0000000000
162981  44.294  -48.057  -12.575 0.0000000000
162982  44.199  -47.171  -12.967 0.0000000000
162983  44.601  -47.421  -12.854 0.0000000000
162984  44.950  -47.672  -12.831 0.0000000000
162985  45.634  -47.267  -13.234 0.0000000000
162986  46.263  -46.835  -13.672 0.0000000000
162987  46.836  -46.487  -14.276 0.0000000000
162988  45.402  -44.425  -14.678 0.0000000000
162989  45.733  -44.669  -14.575 0.0000000000
162990  46.034  -44.985  -14.525 0.0000000000
162991  46.999  -43.957  -15.725 0.0000000000
162992  46.706  -44.543  -15.185 0.0000000000
162993  46.378  -45.216  -14.603 0.0000000000
162994  46.699  -45.498  -14.660 0.0000000000
162995  47.075  -45.782  -14.730 0.0000000000
162996  47.438  -46.059  -14.889 0.0000000000
162997  48.064  -45.731  -15.318 0.0000000000
162998  48.622  -45.394  -15.837 0.0000000000
162999  49.285  -45.051  -16.434 0.0000000000
163000  49.133  -44.063  -16.901 0.0000000000
163001  49.475  -44.367  -16.970 0.0000000000
163002  49.836  -44.818  -17.036 0.0000000000
163003  50.362  -44.588  -17.746 0.0000000000
163004  50.837  -44.309  -18.519 0.0000000000
163005  51.319  -44.112  -19.333 0.0000000000
163009  50.973  -42.111  -20.370 0.0000000000
163015  50.032  -41.062  -20.340 0.0000000000
163016  50.593  -40.581  -21.025 0.0000000000
163060  47.049  -38.450  -19.622 0.0000000000
163061  47.294  -37.702  -20.309 0.0000000000
163062  47.554  -37.091  -20.867 0.0000000000
163063  46.828  -36.939  -20.127 0.0000000000
163064  47.321  -36.634  -20.841 0.0000000000
163065  48.021  -36.246  -21.333 0.0000000000
163066  48.341  -35.608  -21.762 0.0000000000
163067  48.667  -34.638  -22.263 0.0000000000
163068  49.036  -33.819  -22.666 0.0000000000
163069  45.874  -35.552  -19.743 0.0000000000
163070  46.379  -35.025  -20.315 0.0000000000
163071  47.023  -34.551  -20.823 0.0000000000
163072  47.237  -33.370  -21.044 0.0000000000
163073  47.426  -33.946  -21.172 0.0000000000
163074  47.690  -34.188  -21.274 0.0000000000
163075  48.249  -33.835  -21.824 0.0000000000
163076  48.778  -33.423  -22.549 0.0000000000
163077  49.286  -32.984  -23.225 0.0000000000
